1.7746182455447745,1.7713632570122286,4.4102244688780905,4.41,0.028498499999994233,0.0,0.028756474615282236,0.0,0.0019830895040621826,0.0
1.7765543803627297,1.7713632570122286,4.410357987631252,4.41,0.04545000000000436,0.0,0.04586142327718888,0.0,0.003162672349760672,0.0
1.7775436063107766,1.7713632570122286,4.410426206132335,4.41,0.05411100000001169,0.0,0.054600824531403,0.0,0.003765354532847483,0.0
1.7781124026646915,1.7713632570122286,4.410465431179721,4.41,0.059091000000000345,0.0,0.059625904573644105,0.0,0.004111891569190146,0.0
1.7793860267896944,1.7713632570122286,4.4105532622044965,4.41,0.07024199999999109,0.0,0.07087784584896774,0.0,0.004887842270447493,0.0
1.7802570390376797,1.7713632570122286,4.410613328511998,4.41,0.07786799999999493,0.0,0.07857287805825233,0.0,0.005418503202004922,0.0
1.7807715256192487,1.7713632570122286,4.410648808276243,4.41,0.08237249999999038,0.0,0.08311815377116474,0.0,0.005731952214094706,0.0
1.783160641629901,1.7713632570122286,4.410813565290033,4.41,0.10329000000000087,0.0,0.10422500352696205,0.0,0.007187512145363067,0.0
1.7866318413066167,1.7713632570122286,4.411052944412039,4.41,0.13368149999999876,0.0,0.13489161398963434,0.0,0.009302327474686196,0.0
1.7952986187631108,1.7713632570122286,4.411650618349403,4.41,0.20956199999999806,0.0,0.211459000765968,0.0,0.01458252899803028,0.0
1.7977811064643907,1.7713632570122286,4.411821814414645,4.41,0.23129700000000591,0.0,0.23339075070942158,0.0,0.016094975280143958,0.0
1.7991254874852274,1.7713632570122286,4.411914524940797,4.41,0.24306749999999736,0.0,0.24526779983337554,0.0,0.01691403435369345,0.0
1.8004426279577916,1.7713632570122286,4.4120053569179944,4.41,0.25459950000001114,0.0,0.25690419000352127,0.0,0.01771649722580529,0.0
1.8038548921086779,1.7713632570122286,4.412240671757982,4.41,0.28447499999999126,0.0,0.2870501295220386,0.0,0.019795406307987966,0.0
1.8074621232025665,1.7713632570122286,4.412489431809996,4.41,0.3160575000000026,0.0,0.3189185211755523,0.0,0.021993098265883294,0.0
1.8110324378648095,1.7713632570122286,4.412735129654249,4.41,0.3450599999999904,0.0,0.34820964695870277,0.0,0.02400844961495898,0.0
1.8208319862434434,1.7713632570122286,4.413399426833439,4.41,0.3806249999999999,0.0,0.38467802785943017,0.0,0.026409860131180782,0.0
1.8289543280712328,1.7713632570122286,4.413950028611822,4.41,0.4101030000000027,0.0,0.414905852318254,0.0,0.028384491801490705,0.0
1.8632352659287412,1.7713632570122286,4.4162578338187295,4.41,0.5230559999999967,0.0,0.5310600544663874,0.0,0.03578689596038229,0.0
1.8739416049165414,1.7713632570122286,4.416970993406706,4.41,0.5529089999999994,0.0,0.5619281556071036,0.0,0.03768654933697621,0.0
1.8780499513565903,1.7713632570122286,4.417244654333919,4.41,0.5643645000000032,0.0,0.5737735088728354,0.0,0.03841038669462925,0.0
1.8847845839456898,1.7713632570122286,4.417693254719904,4.41,0.5831430000000035,0.0,0.5931914700736289,0.0,0.03959080199118153,0.0
1.890703703472493,1.7713632570122286,4.418084815398099,4.41,0.5986485000000028,0.0,0.609261628722337,0.0,0.040554976401765204,0.0
1.8939557716591071,1.7713632570122286,4.418297594168141,4.41,0.606303000000007,0.0,0.6172284364545133,0.0,0.04102444839129092,0.0
1.9011838644226824,1.7713632570122286,4.418770519272948,4.41,0.6233159999999914,0.0,0.6349359149709584,0.0,0.04206247488913171,0.0
1.9103926406908749,1.7713632570122286,4.419373038031937,4.41,0.6449910000000089,0.0,0.6574963724624504,0.0,0.043374099998824155,0.0
1.9224997916627025,1.7713632570122286,4.420165193837007,4.41,0.6734879999999974,0.0,0.6871586603637665,0.0,0.045080051317683174,0.0
1.9372120983790493,1.7713632570122286,4.4211156707157775,4.41,0.7052819999999919,0.0,0.7203765464889365,0.0,0.046937275221465694,0.0
1.9508085437911058,1.7713632570122286,4.4219891325333025,4.41,0.733513500000008,0.0,0.749927928641121,0.0,0.0485524438558845,0.0
1.9828369688581098,1.7713632570122286,4.424025882301809,4.41,0.7965794999999997,0.0,0.8161158189308176,0.0,0.05203920450931144,0.0
2.0043688012671392,1.7713632570122286,4.425382466585726,4.41,0.8369265000000012,0.0,0.8585698475803122,0.0,0.054180191103071,0.0
2.0100791841500585,1.7713632570122286,4.42573567923749,4.41,0.8468099999999902,0.0,0.8690143500631284,0.0,0.05468567388772761,0.0
2.0154663051092734,1.7713632570122286,4.426068896697402,4.41,0.8561339999999907,0.0,0.8788677733283985,0.0,0.05515929809932761,0.0
2.033789969594591,1.7713632570122286,4.427202297076253,4.41,0.887848500000007,0.0,0.9123843338046758,0.0,0.05674670380595971,0.0
2.0487721518212294,1.7713632570122286,4.428120253226718,4.41,0.9129210000000019,0.0,0.9389334849872765,0.0,0.05796187959992326,0.0
2.0674191306546206,1.7713632570122286,4.4292512643373545,4.41,0.9430005000000017,0.0,0.9708548459661789,0.0,0.05936880477654551,0.0
2.093179697731045,1.7713632570122286,4.4307969163957965,4.41,0.9832139999999923,0.0,1.01361854214918,0.0,0.06116763362773567,0.0
2.1097750159854787,1.7713632570122286,4.4317834861781495,4.41,1.008389999999992,0.0,1.0404406044020027,0.0,0.06224483373255954,0.0
2.1456647477688136,1.7713632570122286,4.433882106399909,4.41,1.0605149999999919,0.0,1.0961344051000022,0.0,0.06433466736613475,0.0
2.1502939244983095,1.7713632570122286,4.434151704842182,4.41,1.0671660000000045,0.0,1.1032462748412082,0.0,0.06459083745140938,0.0
2.174803630062606,1.7713632570122286,4.435553956853399,4.41,1.1009625000000085,0.0,1.1394871710846297,0.0,0.06582306413808911,0.0
2.2019186223259593,1.7713632570122286,4.437087111930177,4.41,1.1374304999999945,0.0,1.1786639610128717,0.0,0.0670643525687779,0.0
2.2308657617596093,1.7713632570122286,4.438699160571941,4.41,1.175184000000008,0.0,1.2193145689763762,0.0,0.06824276916308895,0.0
2.243280297660179,1.7713632570122286,4.439376779258481,4.41,1.1907929999999902,0.0,1.2361680731830142,0.0,0.0686884385863409,0.0
2.2640841297795813,1.7713632570122286,4.440512308247131,4.41,1.216950000000004,0.0,1.264411704957649,0.0,0.06940642687062873,0.0
2.287441424470338,1.7713632570122286,4.441759433476113,4.41,1.2452790000000018,0.0,1.2950870798831131,0.0,0.07010209659517579,0.0
2.311041562433973,1.7713632570122286,4.443006638134548,4.41,1.2734699999999934,0.0,1.3256513253973237,0.0,0.07073159004895402,0.0
2.3413721932370093,1.7713632570122286,4.444582914813814,4.41,1.308831000000005,0.0,1.3640663256918693,0.0,0.0714181535344285,0.0
2.363033705075898,1.7713632570122286,4.44568518564151,4.41,1.3333844999999922,0.0,1.3908037296774522,0.0,0.07181779948179128,0.0
2.3929703373353908,1.7713632570122286,4.447184654471916,4.41,1.3666739999999908,0.0,1.4271145110428343,0.0,0.07226726502164821,0.0
2.418767583162431,1.7713632570122286,4.448453965976946,4.41,1.394773500000002,0.0,1.4578202513952447,0.0,0.07256027715142248,0.0
2.447102814130818,1.7713632570122286,4.44982314885908,4.41,1.4250300000000053,0.0,1.4909421160901357,0.0,0.07278333901618601,0.0
2.473972823573237,1.7713632570122286,4.451090068564895,4.41,1.4530185000000049,0.0,1.521650542590906,0.0,0.07289149868587236,0.0
2.508983614993472,1.7713632570122286,4.4527054983387995,4.41,1.4887620000000017,0.0,1.5609412204884388,0.0,0.0729026506895089,0.0
2.5375587559689836,1.7713632570122286,4.4539899937980225,4.41,1.4984459623570643,0.0,1.573542079159464,0.0,0.07195078312153659,0.0
2.651497792316481,1.7713632570122286,4.4588275315865715,4.41,1.5,0.0,1.5867555894300875,0.0,0.06629944534342405,0.0
2.7228554259653066,1.7713632570122286,4.461613021539432,4.41,1.5,0.0,1.594049230543108,0.0,0.06259603978392156,0.0
2.7400471170662373,1.7713632570122286,4.462250315708524,4.41,1.5,0.0,1.5958053529411378,0.0,0.06168713526433739,0.0
2.7461944109844225,1.7713632570122286,4.462477757422712,4.41,1.5,0.0,1.5964331490832315,0.0,0.061361914002632835,0.0
2.7513643736091224,1.7713632570122286,4.462669039176488,4.41,1.5,0.0,1.5969610721362344,0.0,0.06108839590087986,0.0
2.758162241703762,1.7713632570122286,4.462920019761659,4.41,1.5,0.0,1.59765514709396,0.0,0.060728488248289456,0.0
2.7676017246099085,1.7713632570122286,4.463257114280034,4.41,1.5,0.0,1.5986189357969156,0.0,0.06022309790964053,0.0
2.772142330251142,1.7713632570122286,4.463419264398529,4.41,1.5,0.0,1.5990824709877742,0.0,0.05997999114617387,0.0
2.826721206453244,1.7713632570122286,4.465320691641666,4.41,1.5,0.0,1.604651377492581,0.0,0.05703420659877665,0.0
2.864403291656099,1.7713632570122286,4.46656111153825,4.41,1.5,0.0,1.608493342374492,0.0,0.05496459012329563,0.0
2.876194821927254,1.7713632570122286,4.466936371600909,4.41,1.5,0.0,1.6096950804456596,0.0,0.05431057940942695,0.0
2.8925410839242907,1.7713632570122286,4.467455375171329,4.41,1.5,0.0,1.611360503163481,0.0,0.05340332922943261,0.0
2.9247236021274565,1.7713632570122286,4.468437476063746,4.41,1.5,0.0,1.614638070993519,0.0,0.05159747314800635,0.0
2.952952058800327,1.7713632570122286,4.469262142127692,4.41,1.5,0.0,1.6175113798825553,0.0,0.04999526947981482,0.0
2.9916173986597623,1.7713632570122286,4.470344817800812,4.41,1.5,0.0,1.621444477205135,0.0,0.047777425987503265,0.0
3.0279947307817423,1.7713632570122286,4.471304772227072,4.41,1.5,0.0,1.6251421498204328,0.0,0.04566174625245312,0.0
3.048572661625732,1.7713632570122286,4.471824774563478,4.41,1.5,0.0,1.627232636456466,0.0,0.044453531450874724,0.0
3.0736227786240296,1.7713632570122286,4.472432837875441,4.41,1.5,0.0,1.6297762584548137,0.0,0.042970370449438224,0.0
3.113002295871762,1.7713632570122286,4.473341195910981,4.41,1.5,0.0,1.6337721211235086,0.0,0.04061523383205245,0.0
3.2309212955465316,1.7713632570122286,4.475663483491853,4.41,1.5,0.0,1.6457163760321039,0.0,0.03336608973409515,0.0
3.4992420494861096,1.7713632570122286,4.478693610314993,4.41,1.5,0.0,1.672761523591202,0.0,0.01576128286751477,0.0
3.5423801409637115,1.7713632570122286,4.478879075074003,4.41,1.5,0.0,1.6770901012844521,0.0,0.012783770279508735,0.0
3.5518930961710353,1.7713632570122286,4.4789075339431,4.41,1.5,0.0,1.6780438648676772,0.0,0.012121151223638715,0.0
3.5933560207968247,1.7713632570122286,4.478981443162335,4.41,1.5,0.0,1.6821974964486759,0.0,0.00920894205368149,0.0
3.6021355165743643,1.7713632570122286,4.478990053728726,4.41,1.5,0.0,1.6830762740205332,0.0,0.008588918428269952,0.0
3.619064514007676,1.7713632570122286,4.478987623931511,4.41,1.5,0.0,1.6847700471327254,0.0,0.007384252302289105,0.0
3.6465504934118607,1.7713632570122286,4.4789597442835385,4.41,1.5,0.0,1.6875179944474448,0.0,0.0054169284441691916,0.0
3.66664894941488,1.7713632570122286,4.478919073111494,4.41,1.5,0.0,1.6895257208799845,0.0,0.0039687116748187284,0.0
3.6756204048283427,1.7713632570122286,4.478890788588507,4.41,1.5,0.0,1.6904214626106318,0.0,0.0033174552983606547,0.0
3.6964207760305614,1.7713632570122286,4.478818596325561,4.41,1.5,0.0,1.6924971583131607,0.0,0.001804390561428784,0.0
3.742507640205857,1.7713632570122286,4.4785786156190035,4.41,1.5,0.0,1.6970906730107471,0.0,-0.001585796475775554,0.0
3.7649140967517134,1.7713632570122286,4.478423159162451,4.41,1.5,0.0,1.699321117150919,0.0,-0.0032522031581343038,0.0
3.775349318400592,1.7713632570122286,4.478346939814053,4.41,1.5,0.0,1.700359257912921,0.0,-0.004030071522891515,0.0
3.7940686250798206,1.7713632570122286,4.4781859554718535,4.41,1.5,0.0,1.7022204715825147,0.0,-0.00543673660689608,0.0
3.800890367432733,1.7713632570122286,4.478126665756162,4.41,1.5,0.0,1.7028984178611033,0.0,-0.0059496449349339476,0.0
3.8192974803801087,1.7713632570122286,4.477946243359891,4.41,1.5,0.0,1.7047267960209935,0.0,-0.0073430737905722165,0.0
3.837632470797985,1.7713632570122286,4.477754175262105,4.41,1.5,0.0,1.7065467103874048,0.0,-0.008736724160544135,0.0
3.8495251884769224,1.7713632570122286,4.477617762435641,4.41,1.5,0.0,1.7077264507078183,0.0,-0.009646126189353389,0.0
3.866728944549792,1.7713632570122286,4.477411204310966,4.41,1.5,0.0,1.70943205283639,0.0,-0.010965850753203003,0.0
3.8755392158562367,1.7713632570122286,4.4772978883512415,4.41,1.5,0.0,1.7103050457221607,0.0,-0.011645134815908911,0.0
3.911454795346231,1.7713632570122286,4.476802759666664,4.41,1.5,0.0,1.713860608615109,0.0,-0.014429285591843966,0.0
3.9226764952455095,1.7713632570122286,4.476632091661996,4.41,1.5,0.0,1.7149704276712676,0.0,-0.015306373638439986,0.0
3.941634174320512,1.7713632570122286,4.476335436830251,4.41,1.5,0.0,1.7168441643894572,0.0,-0.016791839167665107,0.0
3.9492815768631,1.7713632570122286,4.476205904227492,4.41,1.5,0.0,1.7175995627026766,0.0,-0.017395464202328834,0.0
3.9682043288882407,1.7713632570122286,4.475883404545399,4.41,1.5,0.0,1.7194677105672047,0.0,-0.018889945078296867,0.0
3.9766404213826516,1.7713632570122286,4.475729344913637,4.41,1.5,0.0,1.7203000425642616,0.0,-0.019560756081343018,0.0
3.996726492706164,1.7713632570122286,4.4753582273235635,4.41,1.5,0.0,1.722280618910586,0.0,-0.021159819371597,0.0
4.016479107638288,1.7713632570122286,4.4749664421868305,4.41,1.5,0.0,1.7242265513376305,0.0,-0.022744079621583674,0.0
4.045875668113748,1.7713632570122286,4.474351338704331,4.41,1.5,0.0,1.7271193860143557,0.0,-0.025115700660281355,0.0
4.056115159386075,1.7713632570122286,4.474124765445236,4.41,1.5,0.0,1.7281261024732673,0.0,-0.02594708819428935,0.0
4.073138801543961,1.7713632570122286,4.473739549038285,4.41,1.5,0.0,1.7297987879581873,0.0,-0.027332958643691098,0.0
4.093711458236733,1.7713632570122286,4.473249284000216,4.41,1.5,0.0,1.7318183822675084,0.0,-0.029018248372016248,0.0
4.124138424086315,1.7713632570122286,4.472487762476273,4.41,1.5,0.0,1.7348017947126653,0.0,-0.031526078786034355,0.0
4.155352824668633,1.7713632570122286,4.4716554443078556,4.41,1.5,0.0,1.7378578835638807,0.0,-0.034120021781811206,0.0
4.185406658682077,1.7713632570122286,4.470800358816972,4.41,1.5,0.0,1.7407958977810538,0.0,-0.036639479045989375,0.0
4.214030274077124,1.7713632570122286,4.469941607361039,4.41,1.5,0.0,1.7435900175946912,0.0,-0.03905685960758681,0.0
4.244069285850508,1.7713632570122286,4.46899278589176,4.41,1.5,0.0,1.7465179547784966,0.0,-0.04161259189414974,0.0
4.274334603909065,1.7713632570122286,4.467987992145641,4.41,1.5,0.0,1.7494633918521636,0.0,-0.04420653435537797,0.0
4.384044052166531,1.7713632570122286,4.463920547834665,4.41,1.5,0.0,1.7601009820245288,0.0,-0.05376815444665084,0.0
4.392577968271764,1.7713632570122286,4.4635727592371515,4.41,1.5,0.0,1.7609257718659455,0.0,-0.05452317233198671,0.0
4.415902583943296,1.7713632570122286,4.462609568790314,4.41,1.5,0.0,1.763178166760003,0.0,-0.056591045680261534,0.0
4.632463227109694,1.7713632570122286,4.452181381425626,4.41,1.5,0.0,1.7839496958915664,0.0,-0.07625692913680647,0.0
4.690566009260864,1.7713632570122286,4.448924882031681,4.41,1.5,0.0,1.789478651097582,0.0,-0.08165814507015393,0.0
4.694152454658568,1.7713632570122286,4.448716409595723,4.41,1.5,0.0,1.7898193113403766,0.0,-0.08199322728799524,0.0
4.698810980386301,1.7713632570122286,4.448443718755936,4.41,1.5,0.0,1.7902616918757448,0.0,-0.0824288898942513,0.0
4.709874043091673,1.7713632570122286,4.447796132795041,4.41,1.5,0.0,1.791311810479228,0.0,-0.08346347529214054,0.0
4.716980686347964,1.7713632570122286,4.447376892637021,4.41,1.5,0.0,1.791986029187421,0.0,-0.08412872603336193,0.0
4.724325032715971,1.7713632570122286,4.446937139664269,4.41,1.5,0.0,1.7926824848629561,0.0,-0.0848175662903058,0.0
4.739699307185541,1.7713632570122286,4.446013433014469,4.41,1.5,0.0,1.794139491991456,0.0,-0.08626011024026678,0.0
4.750446192318682,1.7713632570122286,4.445355596457972,4.41,1.5,0.0,1.7951571722819268,0.0,-0.08727080069328066,0.0
4.772144082842242,1.7713632570122286,4.44401127409955,4.41,1.5,0.0,1.7972099637226604,0.0,-0.0893141921182985,0.0
4.779472264760208,1.7713632570122286,4.443552955403695,4.41,1.5,0.0,1.7979026959709337,0.0,-0.09000506412266798,0.0
4.79062629560416,1.7713632570122286,4.442844644117709,4.41,1.5,0.0,1.798956507014069,0.0,-0.09105837231721366,0.0
4.796003340488555,1.7713632570122286,4.4425012313758465,4.41,1.5,0.0,1.799464281150743,0.0,-0.09156645361676277,0.0
4.803323426647981,1.7713632570122286,4.442033723495081,4.41,1.5,0.0,1.8001553028611998,0.0,-0.09225811917914141,0.0
4.813284923599337,1.7713632570122286,4.441386528586369,4.41,1.5,0.0,1.8010951932052586,0.0,-0.0932010020908478,0.0
4.8421618520429375,1.7713632570122286,4.439484606738272,4.41,1.5,0.0,1.8038168202453724,0.0,-0.09593768773887228,0.0
4.872179005112052,1.7713632570122286,4.437457909967915,4.41,1.5,0.0,1.806641235909388,0.0,-0.09878834498728199,0.0
4.904077475964803,1.7713632570122286,4.435239851986109,4.41,1.5,0.0,1.8096375320552964,0.0,-0.10182381959149446,0.0
4.948850020222325,1.7713632570122286,4.432029672745112,4.41,1.5,0.0,1.8138344030454487,0.0,-0.10609060728745276,0.0
4.999321751529078,1.7713632570122286,4.4282712039770935,4.41,1.5,0.0,1.818553710548014,0.0,-0.11090451211302109,0.0
5.011747412129645,1.7713632570122286,4.427320220834638,4.41,1.5,0.0,1.8197137378769994,0.0,-0.1120894612471562,0.0
5.023281437114491,1.7713632570122286,4.426434285556081,4.41,1.5,0.0,1.8207898431197607,0.0,-0.11318926403870759,0.0
5.057642758454614,1.7713632570122286,4.423737388488359,4.41,1.5,0.0,1.823992296003028,0.0,-0.11646289863847292,0.0
5.093486394529699,1.7713632570122286,4.4208531899969685,4.41,1.5,0.0,1.827327492189696,0.0,-0.11987171140556947,0.0
5.112770083220035,1.7713632570122286,4.419270886058527,4.41,1.5,0.0,1.8291196464381383,0.0,-0.12170201782316706,0.0
5.141086137955931,1.7713632570122286,4.41690771666109,4.41,1.5,0.0,1.83174866308164,0.0,-0.12438356135196962,0.0
5.174197121806649,1.7713632570122286,4.414086097758909,4.41,1.5,0.0,1.8348192070778926,0.0,-0.12750808556962087,0.0
5.208994350600292,1.7713632570122286,4.4110550067895,4.41,1.5,0.0,1.8380421779620855,0.0,-0.1307763740559307,0.0
5.2316973919145155,1.7713632570122286,4.409037606447871,4.41,1.5,0.0,1.840143120663256,0.0,-0.13289753050605643,0.0
5.260282037396265,1.7713632570122286,4.406455901425388,4.41,1.5,0.0,1.8427864408660273,0.0,-0.1355543919360963,0.0
5.290039862241947,1.7713632570122286,4.40372363567818,4.41,1.5,0.0,1.8455360839649737,0.0,-0.13830349056893562,0.0
5.321330909864015,1.7713632570122286,4.400792893656016,4.41,1.5,0.0,1.8484258133574984,0.0,-0.14116934119386276,0.0
5.360954498481055,1.7713632570122286,4.397007557000165,4.41,1.5,0.0,1.8520829397192862,0.0,-0.14476098613559452,0.0
5.384150690991809,1.7713632570122286,4.394753037063222,4.41,1.5,0.0,1.8542231390371662,0.0,-0.14684169987371207,0.0
5.410738332043834,1.7713632570122286,4.392132251754116,4.41,1.5,0.0,1.8566760648252967,0.0,-0.1492031900700673,0.0
5.439177414166501,1.7713632570122286,4.3892876130974825,4.41,1.5,0.0,1.8592998465764896,0.0,-0.15169989082623864,0.0
5.4691284775481845,1.7713632570122286,4.386247133060822,4.41,1.5,0.0,1.8620635725848549,0.0,-0.1542942085460526,0.0
5.509346911123022,1.7713632570122286,4.382092143862586,4.41,1.5,0.0,1.8657765113372289,0.0,-0.15771403138005513,0.0
5.532047938025337,1.7713632570122286,4.379711656448412,4.41,1.5,0.0,1.8678735754241285,0.0,-0.15960955400338622,0.0
5.5598580096662324,1.7713632570122286,4.376762606962668,4.41,1.5,0.0,1.870444228924698,0.0,-0.16189577610738676,0.0
5.589886033305601,1.7713632570122286,4.373534909161699,4.41,1.5,0.0,1.8732229689638893,0.0,-0.1643121900125864,0.0
5.620619432018473,1.7713632570122286,4.370188990747697,4.41,1.5,0.0,1.8760705571100416,0.0,-0.16672866335621664,0.0
5.718890095911437,1.7713632570122286,4.3592156863286355,4.41,1.5,0.0,1.8852090652962303,0.0,-0.17401562420876615,0.0
5.734713045401388,1.7713632570122286,4.357411302447216,4.41,1.5,0.0,1.8866866107660119,0.0,-0.17511767350781182,0.0
5.741109382884006,1.7713632570122286,4.356680065454265,4.41,1.5,0.0,1.8872842141448836,0.0,-0.1755591696189955,0.0
5.7501489634187894,1.7713632570122286,4.3556419013271075,4.41,1.5,0.0,1.888129894994568,0.0,-0.176172420649547,0.0
5.7677579360009315,1.7713632570122286,4.353612762870176,4.41,1.5,0.0,1.88977873200932,0.0,-0.17735061484568204,0.0
5.80594138313167,1.7713632570122286,4.349174731762763,4.41,1.5,0.0,1.893363696967086,0.0,-0.17980775747236266,0.0
5.827203804491394,1.7713632570122286,4.346682367921619,4.41,1.5,0.0,1.8953660188286447,0.0,-0.1811164865098702,0.0
5.858463967166604,1.7713632570122286,4.3429897861309374,4.41,1.5,0.0,1.8983195235226624,0.0,-0.1829499334434807,0.0
5.88680298943368,1.7713632570122286,4.33961721089498,4.41,1.5,0.0,1.9010068879301012,0.0,-0.18452130843518402,0.0
5.918112047627719,1.7713632570122286,4.335865827142164,4.41,1.5,0.0,1.903987563871374,0.0,-0.18615268791356507,0.0
5.987192852592312,1.7713632570122286,4.327504391302604,4.41,1.5,0.0,1.9106138046027008,0.0,-0.18932176333463813,0.0
6.057711392186603,1.7713632570122286,4.3188756018168,4.41,1.5,0.0,1.9174572308710744,0.0,-0.19189047346917387,0.0
6.066105249341734,1.7713632570122286,4.317844092852486,4.41,1.5,0.0,1.9182772261213028,0.0,-0.1921515006069332,0.0
6.083903467412846,1.7713632570122286,4.3156536616677625,4.41,1.5,0.0,1.9200213956659398,0.0,-0.19266046238796278,0.0
6.092636436061051,1.7713632570122286,4.314577715763126,4.41,1.5,0.0,1.9208795469700977,0.0,-0.1928910774883947,0.0
6.130065730028635,1.7713632570122286,4.309960539765745,4.41,1.5,0.0,1.924573192125745,0.0,-0.19375252988746478,0.0
6.14206457731674,1.7713632570122286,4.308478728800227,4.41,1.5,0.0,1.925763963603215,0.0,-0.19397453009960278,0.0
6.157127100011413,1.7713632570122286,4.306618153886654,4.41,1.5,0.0,1.92726248741068,0.0,-0.1942231660668492,0.0
6.275575935442668,1.7713632570122286,4.292011976620672,4.41,1.5,0.0,1.9392204274389913,0.0,-0.1947661830001727,0.0
6.5333428528673565,1.7713632570122286,4.261231073795829,4.41,1.5,0.0,1.9664127844320247,0.0,-0.1859317838328004,0.0
6.5424039682343444,1.7713632570122286,4.260196387520987,4.41,1.5,0.0,1.9673978665238827,0.0,-0.18534586065221942,0.0
6.554806672007657,1.7713632570122286,4.258786866144232,4.41,1.499909888882446,0.0,1.9686595725769678,0.0,-0.18450309158498351,0.0
6.562658149810877,1.7713632570122286,4.257900841710048,4.41,1.4988926476047397,0.0,1.9685068862695136,0.0,-0.18383416788036835,0.0
6.5784133113542245,1.7713632570122286,4.2561309310895865,4.41,1.4888049121245919,0.0,1.9602068604418372,0.0,-0.18156249894737636,0.0
6.585120367877375,1.7713632570122286,4.255380562169827,4.41,1.482005412124598,0.0,1.9541843813040902,0.0,-0.18030933532603372,0.0
6.602838500643291,1.7713632570122286,4.253416048567687,4.41,1.4638404121245974,0.0,1.9380769952323131,0.0,-0.17693141509809263,0.0
6.607728479111533,1.7713632570122286,4.252877677682641,4.41,1.4587839121245982,0.0,1.9335891528390592,0.0,-0.1759865945147206,0.0
6.612487903423108,1.7713632570122286,4.252353680389898,4.41,1.4538624121245944,0.0,1.9292206741344753,0.0,-0.17506992453963194,0.0
6.6241636745274,1.7713632570122286,4.25107754979399,4.41,1.4416839121246072,0.0,1.9184012088160736,0.0,-0.17278782491511777,0.0
6.627781683359615,1.7713632570122286,4.250682795571671,4.41,1.437902412124595,0.0,1.9150405796509657,0.0,-0.17208099969235002,0.0
6.63245137278606,1.7713632570122286,4.250175996673968,4.41,1.43299141212461,0.0,1.9106735723244415,0.0,-0.17115852497992437,0.0
6.636755448318718,1.7713632570122286,4.249710796002216,4.41,1.4284434121246,0.0,1.9066273972386272,0.0,-0.17030188640527402,0.0
6.675639570170317,1.7713632570122286,4.2455586494155355,4.41,1.3867899121245995,0.0,1.8695094767285985,0.0,-0.1624562031330027,0.0
6.690399241097133,1.7713632570122286,4.244012397969907,4.41,1.3706454121245903,0.0,1.8550888297015262,0.0,-0.15940937242332384,0.0
6.701422807948386,1.7713632570122286,4.24287002932541,4.41,1.3584474121245933,0.0,1.8441792655669418,0.0,-0.15710550602914847,0.0
6.7130746642972134,1.7713632570122286,4.241672321629662,4.41,1.3454439121246018,0.0,1.83253757888319,0.0,-0.15465365846787354,0.0
6.721785187145947,1.7713632570122286,4.240782437019645,4.41,1.335660912124606,0.0,1.823772111514651,0.0,-0.15281464005991083,0.0
6.741648544206842,1.7713632570122286,4.2387810980201515,4.41,1.3130334121245963,0.0,1.8034662029351276,0.0,-0.14856520400862017,0.0
6.76666037144215,1.7713632570122286,4.236306635131501,4.41,1.2840144121246106,0.0,1.7773683033733851,0.0,-0.14315305370438414,0.0
6.792111294604529,1.7713632570122286,4.233848315729079,4.41,1.2537849121246019,0.0,1.7501086156583066,0.0,-0.1375660343179053,0.0
6.819148798034112,1.7713632570122286,4.231304595564102,4.41,1.2208494121246098,0.0,1.7203230039897024,0.0,-0.13155761120154805,0.0
6.8418588501465925,1.7713632570122286,4.229222044756521,4.41,1.192509912124594,0.0,1.6946232460717008,0.0,-0.12646888849231522,0.0
6.867130249101721,1.7713632570122286,4.22696712530868,4.41,1.1601639121245961,0.0,1.6652072835476788,0.0,-0.12076428266815746,0.0
6.886008705619189,1.7713632570122286,4.225327624737972,4.41,1.1353929121246031,0.0,1.6426191683582516,0.0,-0.11647888297147936,0.0
6.918913983927063,1.7713632570122286,4.222564302589267,4.41,1.0908744121245975,0.0,1.6018909565211352,0.0,-0.10897966627736953,0.0
6.935281793585356,1.7713632570122286,4.221235089731645,4.41,1.068050412124597,0.0,1.5809444816623848,0.0,-0.10524422254165987,0.0
6.9524602450296396,1.7713632570122286,4.21987323577028,4.41,1.0435704121246083,0.0,1.558428798410532,0.0,-0.10132534890467476,0.0
6.971379808481661,1.7713632570122286,4.218412306503231,4.41,1.0159629121246105,0.0,1.53297667979303,0.0,-0.09701914602471651,0.0
6.992854318395566,1.7713632570122286,4.216811541285731,4.41,0.9836124121245958,0.0,1.5030627181403662,0.0,-0.09213273928945653,0.0
7.018765915869087,1.7713632570122286,4.214952531005905,4.41,0.9431964121245917,0.0,1.4655700989117366,0.0,-0.08627822316713485,0.0
7.032425147919626,1.7713632570122286,4.21400715219182,4.41,0.9211839121246082,0.0,1.445091221015861,0.0,-0.08320990539390219,0.0
7.0486774361729285,1.7713632570122286,4.212916310140956,4.41,0.8942379121245978,0.0,1.4199632575318537,0.0,-0.07957311534629903,0.0
7.065941744486591,1.7713632570122286,4.211796077123685,4.41,0.8646924121245979,0.0,1.3923403984709546,0.0,-0.0757370532081074,0.0
7.083259133115635,1.7713632570122286,4.210712004058456,4.41,0.8340279121245984,0.0,1.3635951664359105,0.0,-0.07192409306370894,0.0
7.124816667332776,1.7713632570122286,4.208277221467375,4.41,0.755459412124597,0.0,1.2895932259827423,0.0,-0.06293968851905102,0.0
7.137670307298729,1.7713632570122286,4.207572410498218,4.41,0.7294944121246003,0.0,1.2650290930861328,0.0,-0.06021632016602335,0.0
7.1446891007624656,1.7713632570122286,4.207200153692249,4.41,0.7148139121246051,0.0,1.2511114550618467,0.0,-0.05873323843232117,0.0
7.147535487934996,1.7713632570122286,4.207049189427113,4.41,0.7088604121246095,0.0,1.2454666659426739,0.0,-0.058140161766063625,0.0
7.160192739674998,1.7713632570122286,4.206398747414675,4.41,0.6814509121246074,0.0,1.2194272543729237,0.0,-0.05549974764242227,0.0
7.178176634646149,1.7713632570122286,4.20551162421335,4.41,0.6406689121245941,0.0,1.1805823229838075,0.0,-0.051807792868224026,0.0
7.186446198281373,1.7713632570122286,4.205122533912651,4.41,0.6208419121246029,0.0,1.1616426479704216,0.0,-0.05011987501067673,0.0
7.198783732696959,1.7713632570122286,4.20455702693491,4.41,0.5902869121246097,0.0,1.1324068079652583,0.0,-0.04763874271158909,0.0
7.208953657260735,1.7713632570122286,4.20410696037239,4.41,0.5639739121246085,0.0,1.1071772372543216,0.0,-0.04561945753457344,0.0
7.2197744005581255,1.7713632570122286,4.203649954460534,4.41,0.5341239121245938,0.0,1.0784767100644848,0.0,-0.043469287871496495,0.0
7.230852731446065,1.7713632570122286,4.20319801747835,4.41,0.5019294121245885,0.0,1.0474548536921766,0.0,-0.041294774486276324,0.0
7.252615508219751,1.7713632570122286,4.202362920024915,4.41,0.43215241212459354,0.0,0.9799698326553647,0.0,-0.03707144384222789,0.0
7.257300058863441,1.7713632570122286,4.202193219543264,4.41,0.4154379121245992,0.0,0.963746941421531,0.0,-0.03615691019856866,0.0
7.258531061632734,1.7713632570122286,4.202150038938767,4.41,0.4107729121245986,0.0,0.9592111378103524,0.0,-0.03591007199115341,0.0
7.265656628144889,1.7713632570122286,4.20190009127248,4.41,0.383769912124609,0.0,0.93295441181666,0.0,-0.034516285991647015,0.0
7.2747713747063685,1.7713632570122286,4.201591824277616,4.41,0.3458004121245948,0.0,0.895937827569239,0.0,-0.03269947246203003,0.0
7.280311087654684,1.7713632570122286,4.201410534501303,4.41,0.32090791212459274,0.0,0.8716233714678807,0.0,-0.03158557904925958,0.0
7.286996419418933,1.7713632570122286,4.201196741352057,4.41,0.28800991212459215,0.0,0.8394222393157188,0.0,-0.030205018250536356,0.0
7.291343344858942,1.7713632570122286,4.201064806524303,4.41,0.2625639121246033,0.0,0.8144300474947369,0.0,-0.029214156862510846,0.0
7.29639929780971,1.7713632570122286,4.200911351791552,4.41,0.23296741212460315,0.0,0.7853598300040672,0.0,-0.028105611330013748,0.0
7.301311498339211,1.7713632570122286,4.200765617960402,4.41,0.1926144121246009,0.0,0.7455218783624822,0.0,-0.02672388195486669,0.0
7.30334820674018,1.7713632570122286,4.200708680618599,4.41,0.16383841212458872,0.0,0.716964191511057,0.0,-0.025809902865414194,0.0
7.310804423780861,1.7713632570122286,4.200500237830231,4.41,0.05849191212458893,0.0,0.6124120959878523,0.0,-0.022623051015183738,0.0
7.314136157675732,1.7713632570122286,4.200407097314154,4.41,0.011418912124591812,0.0,0.5656917016304418,0.0,-0.02127985657168915,0.0
7.324167161498234,1.7713632570122286,4.2001506068482755,4.41,-0.08237308787539524,0.0,0.4729347478614283,0.0,-0.018858733061478165,0.0
7.321555334581376,1.7713632570122286,4.200218045543872,4.41,-0.11925808787541098,0.0,0.4358008546137941,0.0,-0.017899917105144464,0.0
7.316353561038222,1.7713632570122286,4.200352357974868,4.41,-0.1927190878753926,0.0,0.36184415319417595,0.0,-0.015990317566898903,0.0
7.3143112210089765,1.7713632570122286,4.200407009022643,4.41,-0.21625558787540106,0.0,0.33811197525868075,0.0,-0.015349741997905089,0.0
7.31010719463297,1.7713632570122286,4.200528118795346,4.41,-0.24085858787540415,0.0,0.31310215971219035,0.0,-0.014498105708078524,0.0
7.306082842838695,1.7713632570122286,4.200644052494969,4.41,-0.2644100878754055,0.0,0.28916242003923326,0.0,-0.013644339354651994,0.0
7.30217947022071,1.7713632570122286,4.200756501021277,4.41,-0.28725358787539446,0.0,0.2659435062036779,0.0,-0.012780235811879625,0.0
7.30140925321913,1.7713632570122286,4.200778689465794,4.41,-0.291761087875401,0.0,0.26136206714703,0.0,-0.012605542174106036,0.0
7.298703114849546,1.7713632570122286,4.200860342296644,4.41,-0.3059120878753913,0.0,0.24695093878845947,0.0,-0.012029503008399148,0.0
7.293635646103765,1.7713632570122286,4.201021411395084,4.41,-0.32868358787540913,0.0,0.22369207402639174,0.0,-0.011021302066334192,0.0
7.292659938894499,1.7713632570122286,4.201052424172552,4.41,-0.33306808787540254,0.0,0.2192139294656833,0.0,-0.01082191926378795,0.0
7.291735637402037,1.7713632570122286,4.201081803023325,4.41,-0.3372215878754023,0.0,0.21497177756880453,0.0,-0.01063147432162517,0.0
7.290427128246947,1.7713632570122286,4.201123393884656,4.41,-0.34310158787539957,0.0,0.2089663743179609,0.0,-0.01035925999337219,0.0
7.28739118672512,1.7713632570122286,4.201219891048895,4.41,-0.3567440878754015,0.0,0.19503337218143935,0.0,-0.009715914692192913,0.0
7.285934135076656,1.7713632570122286,4.201266203321781,4.41,-0.36329158787540955,0.0,0.18834667833125418,0.0,-0.00940131133655407,0.0
7.285169725391668,1.7713632570122286,4.201290500023937,4.41,-0.3667265878754008,0.0,0.1848387133139704,0.0,-0.009234746869395422,0.0
7.2754812031104725,1.7713632570122286,4.201626602335357,4.41,-0.4035935878753911,0.0,0.147046785642925,0.0,-0.007255965930795643,0.0
7.26923061196715,1.7713632570122286,4.201846208948489,4.41,-0.42692608787540154,0.0,0.12312058152079997,0.0,-0.005919824028574057,0.0
7.26015198821872,1.7713632570122286,4.202188522999881,4.41,-0.4572695878754115,0.0,0.09191712598878471,0.0,-0.004005044042050519,0.0
7.251531482464008,1.7713632570122286,4.202524198738753,4.41,-0.48493108787539985,0.0,0.0634432638902036,0.0,-0.0021296790502016924,0.0
7.241063640520438,1.7713632570122286,4.202949701777051,4.41,-0.5165840878753989,0.0,0.03080898218521888,0.0,1.9673909968872388E-4,0.0
7.231040599087095,1.7713632570122286,4.20338422637925,4.41,-0.544662587875395,0.0,0.001795849130531213,0.0,0.0024532257501123818,0.0
7.217417110670848,1.7713632570122286,4.2040014267545445,4.41,-0.5810375878753941,0.0,-0.03584039307877962,0.0,0.005618014630484447,0.0
7.205073638999725,1.7713632570122286,4.204591676607123,4.41,-0.6121580878753992,0.0,-0.06809462670281374,0.0,0.00856698787717396,0.0
7.195441746015479,1.7713632570122286,4.205068955284117,4.41,-0.6355595878753911,0.0,-0.09237448652910096,0.0,0.01092944105070488,0.0
7.182003496015436,1.7713632570122286,4.205771764434605,4.41,-0.6665465878754077,0.0,-0.12457823507713495,0.0,0.014286496110352528,0.0
7.151544124528604,1.7713632570122286,4.207494213669481,4.41,-0.7320155878753966,0.0,-0.19276448824085068,0.0,0.022218810106495453,0.0
7.147047926678167,1.7713632570122286,4.207768034470155,4.41,-0.7410725878753969,0.0,-0.20221794552520012,0.0,0.023419035205473917,0.0
7.138367539407122,1.7713632570122286,4.208296674594942,4.41,-0.7585580878754069,0.0,-0.22046458690337112,0.0,0.025780864668114536,0.0
7.1242059029759535,1.7713632570122286,4.209196254772237,4.41,-0.7861085878754054,0.0,-0.2492467963917474,0.0,0.029696389899178856,0.0
7.108601647725759,1.7713632570122286,4.210230716425109,4.41,-0.8154350878753933,0.0,-0.27991525187815625,0.0,0.03411384920399943,0.0
7.084966311641707,1.7713632570122286,4.21189348937062,4.41,-0.8578355878754038,0.0,-0.3243180256460272,0.0,0.040988111227909164,0.0
7.037899482178776,1.7713632570122286,4.215513451173811,4.41,-0.9367985878753924,0.0,-0.40715479406744715,0.0,0.05534061815851636,0.0
7.028357069476348,1.7713632570122286,4.216302007820368,4.41,-0.9519725878754063,0.0,-0.42309574566432795,0.0,0.05834516212559716,0.0
7.022605309163923,1.7713632570122286,4.216780533155766,4.41,-0.9610730878753997,0.0,-0.43265511387161004,0.0,0.060178092108150574,0.0
7.014518262768005,1.7713632570122286,4.217472573445384,4.41,-0.9736130878754005,0.0,-0.4458369787090667,0.0,0.06276318153082008,0.0
6.923209622499219,1.7713632570122286,4.226093380816321,4.41,-1.1059670878754067,0.0,-0.5851158739790668,0.0,0.09342161824774581,0.0
6.689454648868659,1.7713632570122286,4.254999745830937,4.41,-1.3891730878753896,0.0,-0.8834785713472703,0.0,0.18042236057913774,0.0
6.680528208522685,1.7713632570122286,4.256288424268474,4.41,-1.398875087875403,0.0,-0.8936933266460074,0.0,0.18389537966165118,0.0
6.670517606232133,1.7713632570122286,4.257746271010717,4.41,-1.4096915878753966,0.0,-0.9050792980499869,0.0,0.18780188612581072,0.0
6.665570667989292,1.7713632570122286,4.258475897603798,4.41,-1.4149910878754126,0.0,-0.9106589315728982,0.0,0.1897297240264414,0.0
6.659070898013871,1.7713632570122286,4.259434552187741,4.41,-1.4219540878754016,0.0,-0.917986884332063,0.0,0.19227494487482094,0.0
6.648304548881158,1.7713632570122286,4.261044435223952,4.41,-1.4333810878754036,0.0,-0.9300151909548746,0.0,0.19648473272184377,0.0
6.640138451618082,1.7713632570122286,4.262276549749062,4.41,-1.4419955878754074,0.0,-0.9390817291148912,0.0,0.19968393689316546,0.0
6.623743067428517,1.7713632570122286,4.264781319065631,4.41,-1.4591450878753915,0.0,-0.9571290739740705,0.0,0.20611735343397505,0.0
6.619477568349202,1.7713632570122286,4.265437939529911,4.41,-1.4635835878753962,0.0,-0.9617986757455387,0.0,0.2077961671080668,0.0
6.574849850126724,1.7713632570122286,4.272493774278785,4.41,-1.5,0.0,-1.0007060428915897,0.0,0.2238982130704431,0.0
6.552724830324322,1.7713632570122286,4.276103113836962,4.41,-1.5,0.0,-1.0021496059188046,0.0,0.2290026774337101,0.0
6.528788923244462,1.7713632570122286,4.280088838505366,4.41,-1.5,0.0,-1.0037128966618378,0.0,0.23441852827852863,0.0
6.505769445874045,1.7713632570122286,4.2839976369371575,4.41,-1.5,0.0,-1.005218937930433,0.0,0.2395225810563908,0.0
6.495974095513901,1.7713632570122286,4.285681332023879,4.41,-1.5,0.0,-1.0058604828307687,0.0,0.24166525141907083,0.0
6.479259023184422,1.7713632570122286,4.288591371949068,4.41,-1.5,0.0,-1.0069591391921662,0.0,0.2452668544912457,0.0
6.470248317664045,1.7713632570122286,4.290173218425529,4.41,-1.5,0.0,-1.0075519784648077,0.0,0.24718833617824212,0.0
6.451997035025226,1.7713632570122286,4.293415255542543,4.41,-1.5,0.0,-1.008757429526247,0.0,0.25102061312007884,0.0
6.442559242358103,1.7713632570122286,4.295105762440537,4.41,-1.5,0.0,-1.009381720233052,0.0,0.25297958327024844,0.0
6.419618360869739,1.7713632570122286,4.299271269291163,4.41,-1.5,0.0,-1.0109080199151752,0.0,0.25764733001322676,0.0
6.3992491052011164,1.7713632570122286,4.303023599394198,4.41,-1.5,0.0,-1.0122709578104054,0.0,0.261697928365666,0.0
6.3825526835097675,1.7713632570122286,4.306138494658416,4.41,-1.5,0.0,-1.0133951044643326,0.0,0.2649469656419338,0.0
6.369378776201356,1.7713632570122286,4.308619520706337,4.41,-1.5,0.0,-1.014286541209604,0.0,0.2674665156079314,0.0
6.281600903804569,1.7713632570122286,4.325657553247969,4.41,-1.5,0.0,-1.02035088355534,0.0,0.2832104784599552,0.0
6.235175451055685,1.7713632570122286,4.335001614540232,4.41,-1.5,0.0,-1.0236647441382967,0.0,0.2907699471715581,0.0
6.228129274449843,1.7713632570122286,4.336437532064355,4.41,-1.5,0.0,-1.024174683448117,0.0,0.29187142475401107,0.0
6.211304274784464,1.7713632570122286,4.3398871578433225,4.41,-1.5,0.0,-1.0254018498232198,0.0,0.29444441306044566,0.0
6.203429530543588,1.7713632570122286,4.341508883492828,4.41,-1.5,0.0,-1.0259793055937476,0.0,0.2956284816202482,0.0
6.183420931339265,1.7713632570122286,4.345659139829121,4.41,-1.5,0.0,-1.027461814113734,0.0,0.2985503970546557,0.0
6.162310492063821,1.7713632570122286,4.350073282296987,4.41,-1.5,0.0,-1.029044585246976,0.0,0.30152475878738605,0.0
6.153824634011219,1.7713632570122286,4.351857974248322,4.41,-1.5,0.0,-1.0296866743515514,0.0,0.302687433243383,0.0
6.136293093567012,1.7713632570122286,4.3555641275676615,4.41,-1.5,0.0,-1.0310249536045393,0.0,0.30502558001835356,0.0
6.129442382460157,1.7713632570122286,4.357019039791919,4.41,-1.5,0.0,-1.0315521935412069,0.0,0.30591616950582773,0.0
6.108313546371095,1.7713632570122286,4.361527537967442,4.41,-1.5,0.0,-1.0331928207834455,0.0,0.30858542016353174,0.0
6.078168142966731,1.7713632570122286,4.368014626682141,4.41,-1.5,0.0,-1.0355740429697933,0.0,0.312183587106983,0.0
6.041043193155567,1.7713632570122286,4.376084908383821,4.41,-1.5,0.0,-1.0385750815515364,0.0,0.3162700225142548,0.0
6.0185972323686805,1.7713632570122286,4.381003262575792,4.41,-1.5,0.0,-1.0404270557503714,0.0,0.3185566206986435,0.0
5.988823663859883,1.7713632570122286,4.387569352864835,4.41,-1.5,0.0,-1.0429303602210527,0.0,0.32136633043684,0.0
5.95946440803526,1.7713632570122286,4.394084669314694,4.41,-1.5,0.0,-1.0454504156301303,0.0,0.3238944084699207,0.0
5.929229999175714,1.7713632570122286,4.40083129011269,4.41,-1.5,0.0,-1.0481009237153345,0.0,0.3262422655515884,0.0
5.895398011664261,1.7713632570122286,4.408419357551545,4.41,-1.5,0.0,-1.0511368047835732,0.0,0.32855130296170815,0.0
5.871931196653097,1.7713632570122286,4.413701732344187,4.41,-1.5,0.0,-1.0532852147080578,0.0,0.3299610797463743,0.0
5.843060850709862,1.7713632570122286,4.420217552107388,4.41,-1.5,0.0,-1.0559769215243302,0.0,0.3314786967153737,0.0
5.813159221490803,1.7713632570122286,4.426980998296015,4.41,-1.5,0.0,-1.058821280345223,0.0,0.3327999489677151,0.0
5.785974908489069,1.7713632570122286,4.433138696988479,4.41,-1.5,0.0,-1.0614594191523652,0.0,0.3337702982550049,0.0
5.754673381805426,1.7713632570122286,4.440233451899996,4.41,-1.5,0.0,-1.0645580027344812,0.0,0.33461907671680274,0.0
5.718428289001737,1.7713632570122286,4.448446620534452,4.41,-1.5,0.0,-1.068224771288416,0.0,0.33525390472294037,0.0
5.690588949581923,1.7713632570122286,4.454747617582112,4.41,-1.5,0.0,-1.0710998623887742,0.0,0.3354813545949331,0.0
5.669006756794619,1.7713632570122286,4.4596252144374064,4.41,-1.5,0.0,-1.0733619142974664,0.0,0.3355098475358126,0.0
5.639232222396545,1.7713632570122286,4.466338600324505,4.41,-1.5,0.0,-1.0765339816814476,0.0,0.33531856905881846,0.0
5.54897379865425,1.7713632570122286,4.486532924260465,4.41,-1.5,0.0,-1.0864829991580662,0.0,0.33321335187802287,0.0
5.542930291720427,1.7713632570122286,4.4878739366357605,4.41,-1.5,0.0,-1.0871670305453864,0.0,0.33298887274513705,0.0
5.533138763068558,1.7713632570122286,4.49004345263914,4.41,-1.5,0.0,-1.0882793314038928,0.0,0.33260570190762556,0.0
5.520416896480771,1.7713632570122286,4.492855735905039,4.41,-1.5,0.0,-1.0897326224844637,0.0,0.33206878609914314,0.0
5.491923490634433,1.7713632570122286,4.4991252062187765,4.41,-1.5,0.0,-1.0930209820956558,0.0,0.3307033969353339,0.0
5.4602947656587695,1.7713632570122286,4.506034020598589,4.41,-1.5,0.0,-1.096722418992571,0.0,0.3289323882043703,0.0
5.432660838285716,1.7713632570122286,4.51202079910579,4.41,-1.5,0.0,-1.1000002383947463,0.0,0.32716080482302273,0.0
5.403568659365771,1.7713632570122286,4.518268568750926,4.41,-1.5,0.0,-1.103493695752416,0.0,0.32507094982006995,0.0
5.375785146842148,1.7713632570122286,4.52418029728347,4.41,-1.5,0.0,-1.1068676362824266,0.0,0.32286927258919534,0.0
5.3448128416149245,1.7713632570122286,4.530702045244873,4.41,-1.5,0.0,-1.1106702630921221,0.0,0.3201794534776505,0.0
5.312222658988107,1.7713632570122286,4.537482178855174,4.41,-1.5,0.0,-1.1147152123913098,0.0,0.3170887740943896,0.0
5.28604125918541,1.7713632570122286,4.542862397900856,4.41,-1.5,0.0,-1.1179960386842667,0.0,0.31441084217357923,0.0
5.258556591405774,1.7713632570122286,4.548442965977492,4.41,-1.5,0.0,-1.1214680786616191,0.0,0.3114160917999191,0.0
5.229316048906576,1.7713632570122286,4.554300602283162,4.41,-1.5,0.0,-1.1251908750164747,0.0,0.3080279725753021,0.0
5.199832626256644,1.7713632570122286,4.560121230869727,4.41,-1.5,0.0,-1.1289717122793859,0.0,0.30440781043531695,0.0
5.168637039049528,1.7713632570122286,4.566182509310455,4.41,-1.5,0.0,-1.1329986356048334,0.0,0.30036039437233364,0.0
5.140304611547721,1.7713632570122286,4.571596085258019,4.41,-1.5,0.0,-1.1366773737419678,0.0,0.29649335120984993,0.0
5.102643534186285,1.7713632570122286,4.578649919409105,4.41,-1.5,0.0,-1.141595174622699,0.0,0.29107563447643753,0.0
5.080665011501295,1.7713632570122286,4.582691268313706,4.41,-1.5,0.0,-1.1444769409909867,0.0,0.2877757640115313,0.0
5.0507296643000394,1.7713632570122286,4.58809960846637,4.41,-1.5,0.0,-1.1484146741761339,0.0,0.2831150587594518,0.0
4.953498147432973,1.7713632570122286,4.6048827416159686,4.41,-1.5,0.0,-1.1612668157620312,0.0,0.2667493258797165,0.0
4.927476092848727,1.7713632570122286,4.609161483426273,4.41,-1.5,0.0,-1.164713974176141,0.0,0.26206719880165186,0.0
4.91916815493374,1.7713632570122286,4.610508940234656,4.41,-1.5,0.0,-1.1658143694396328,0.0,0.2605480100486144,0.0
4.9090260807687445,1.7713632570122286,4.612137516502642,4.41,-1.5,0.0,-1.1671581752209845,0.0,0.258672869513492,0.0
4.903803699913952,1.7713632570122286,4.612974331421058,4.41,-1.5,0.0,-1.1678493590157892,0.0,0.2577049534180321,0.0
4.866888651017399,1.7713632570122286,4.618755252748123,4.41,-1.5,0.0,-1.1727362522040816,0.0,0.2507014121617734,0.0
4.789965734005025,1.7713632570122286,4.630172418674181,4.41,-1.5,0.0,-1.1828840579482933,0.0,0.23540502700777288,0.0
4.781396257650266,1.7713632570122286,4.631386131986685,4.41,-1.5,0.0,-1.1840107273599,0.0,0.23364118612588047,0.0
4.77489674256522,1.7713632570122286,4.63230393865183,4.41,-1.5,0.0,-1.1848639734167479,0.0,0.2323006357229516,0.0
4.7546217659120655,1.7713632570122286,4.635115492621789,4.41,-1.5,0.0,-1.1875226114968809,0.0,0.22807017063961083,0.0
4.725700174966024,1.7713632570122286,4.6390200259546495,4.41,-1.5,0.0,-1.1913024598781667,0.0,0.22193872108462837,0.0
4.695742372921002,1.7713632570122286,4.642926749794502,4.41,-1.5,0.0,-1.1952006618780395,0.0,0.21546831008277595,0.0
4.665556776355456,1.7713632570122286,4.646719677006398,4.41,-1.5,0.0,-1.1991087342647853,0.0,0.2088317273581345,0.0
4.637335975518178,1.7713632570122286,4.650132934069582,4.41,-1.5,0.0,-1.2027426573145021,0.0,0.20252540894678409,0.0
4.605703664852277,1.7713632570122286,4.653806916304444,4.41,-1.5,0.0,-1.2067908913024956,0.0,0.19534750650334676,0.0
4.4767141264420385,1.7713632570122286,4.6670687892924905,4.41,-1.5,0.0,-1.2229831952946646,0.0,0.16500203542046435,0.0
4.458164417131145,1.7713632570122286,4.668747181801701,4.41,-1.5,0.0,-1.2252651067425664,0.0,0.16051375935743173,0.0
4.445158313484143,1.7713632570122286,4.669887431978639,4.41,-1.5,0.0,-1.2268575384727638,0.0,0.15734952874537642,0.0
4.440028142559505,1.7713632570122286,4.67033318587271,4.41,-1.5,0.0,-1.227483804599553,0.0,0.15609946079851325,0.0
4.434920956852031,1.7713632570122286,4.670766059866345,4.41,-1.5,0.0,-1.2281064571562788,0.0,0.1548502510036844,0.0
4.42573305649732,1.7713632570122286,4.671540725808413,4.41,-1.5,0.0,-1.2292239162444685,0.0,0.15260092066968983,0.0
4.381894518505088,1.7713632570122286,4.675026330381662,4.41,-1.5,0.0,-1.2345106492813471,0.0,0.14178053039785637,0.0
4.341824622189032,1.7713632570122286,4.677922171250122,4.41,-1.5,0.0,-1.2392752592063974,0.0,0.13177926727096204,0.0
4.334771691146205,1.7713632570122286,4.6784059004666325,4.41,-1.5,0.0,-1.2401069958313835,0.0,0.13000969598262735,0.0
4.307981591111859,1.7713632570122286,4.680152368381727,4.41,-1.5,0.0,-1.2432473680205436,0.0,0.12325889986427896,0.0
4.18482618663216,1.7713632570122286,4.686580589493125,4.41,-1.5,0.0,-1.257281942882481,0.0,0.09179393603599902,0.0
3.846760296888299,1.7713632570122286,4.690558932305818,4.41,-1.5,0.0,-1.2922680140985965,0.0,0.004039049785710187,0.0
3.8104260706199984,1.7713632570122286,4.689809975807452,4.41,-1.5,0.0,-1.2957563017155158,0.0,-0.003833101824100002,0.0
3.795012069042947,1.7713632570122286,4.689437736144624,4.41,-1.5,0.0,-1.2972003887666264,0.0,-0.00816718179669753,0.0
3.7847032131775458,1.7713632570122286,4.689163606619822,4.41,-1.5,0.0,-1.298184463847813,0.0,-0.010088766961519596,0.0
3.758733585766235,1.7713632570122286,4.688430339801955,4.41,-1.5,0.0,-1.300651347228091,0.0,-0.014987861534934928,0.0
3.742814258382686,1.7713632570122286,4.687936470036334,4.41,-1.5,0.0,-1.30215412564523,0.0,-0.018052089642958624,0.0
3.7382880783420167,1.7713632570122286,4.687791533879879,4.41,-1.5,0.0,-1.3025801073144416,0.0,-0.018929545283961152,0.0
3.732916331708789,1.7713632570122286,4.687619521210592,4.41,-1.5,0.0,-1.3030850249713835,0.0,-0.01997090429966462,0.0
3.7138402312131937,1.7713632570122286,4.686960087241236,4.41,-1.5,0.0,-1.3048702624410877,0.0,-0.02373688368570831,0.0
3.709061237869704,1.7713632570122286,4.686790635211531,4.41,-1.5,0.0,-1.3053158794107225,0.0,-0.024686302179371036,0.0
3.694807788191181,1.7713632570122286,4.68625528064485,4.41,-1.5,0.0,-1.3066400453846652,0.0,-0.027560278525864793,0.0
3.6820915299996586,1.7713632570122286,4.685757747726232,4.41,-1.5,0.0,-1.3078159041455324,0.0,-0.03015264759774227,0.0
3.6589380006016596,1.7713632570122286,4.684796425833134,4.41,-1.5,0.0,-1.3099427222238134,0.0,-0.034952086231507834,0.0
3.602947858448464,1.7713632570122286,4.682167546747076,4.41,-1.5,0.0,-1.31500436809066,0.0,-0.047000090428358024,0.0
3.512340716414957,1.7713632570122286,4.6769322862755605,4.41,-1.5,0.0,-1.3229126613025168,0.0,-0.06796320594916723,0.0
3.305050952201898,1.7713632570122286,4.659838414176034,4.41,-1.5,0.0,-1.3392079659263634,0.0,-0.12406208709894745,0.0
