1.77465867805668,1.7713632570122286,4.410227257164592,4.41,0.029113679100217397,0.0,0.002007722859657985,0.0
1.7761288110425097,1.7713632570122286,4.410328639734353,4.41,0.042101694715449264,0.0,0.0029033958442551684,0.0
1.7770018791809306,1.7713632570122286,4.410388847819134,4.41,0.04981488986464106,0.0,0.003435309319317141,0.0
1.7775655358087574,1.7713632570122286,4.410427718423319,4.41,0.05479456255711556,0.0,0.00377871499689845,0.0
1.7783294704298753,1.7713632570122286,4.4104804004975025,4.41,0.06154360831265733,0.0,0.004244139287577583,0.0
1.7792145312625054,1.7713632570122286,4.410541435616415,4.41,0.06936275394467002,0.0,0.004783359266418062,0.0
1.7795439877048491,1.7713632570122286,4.4105641554254875,4.41,0.07227336506552998,0.0,0.004984079363071222,0.0
1.7800326043317674,1.7713632570122286,4.410597851158964,4.41,0.07659009045122248,0.0,0.0052817672027251385,0.0
1.7831126708530647,1.7713632570122286,4.410810257153506,4.41,0.10380120159568676,0.0,0.0071582861302496945,0.0
1.7865079739078573,1.7713632570122286,4.411044402330937,4.41,0.1337972968599511,0.0,0.009226861728518665,0.0
1.7901679728562645,1.7713632570122286,4.411296801333129,4.41,0.16613187063785417,0.0,0.011456702303037723,0.0
1.7933796163654556,1.7713632570122286,4.4115182810735725,4.41,0.19450540993667087,0.0,0.013413384014873065,0.0
1.7970546918437258,1.7713632570122286,4.411771719775816,4.41,0.2269731786072598,0.0,0.015652409908427728,0.0
1.8003657033906493,1.7713632570122286,4.412000052084778,4.41,0.25622459333514463,0.0,0.017669631222997736,0.0
1.8039211945752345,1.7713632570122286,4.412245244075253,4.41,0.2876358843341992,0.0,0.019835800836020014,0.0
1.8093936322670396,1.7713632570122286,4.412622631564277,4.41,0.3359826032226437,0.0,0.02316986288869487,0.0
1.8124550462797946,1.7713632570122286,4.412831566216491,4.41,0.3535037045270404,0.0,0.024358355676915532,0.0
1.8191994170281074,1.7713632570122286,4.413288757332899,4.41,0.37860243071696936,0.0,0.02601123864608218,0.0
1.8267352738643616,1.7713632570122286,4.413799602143873,4.41,0.4066474025486135,0.0,0.027846434570770684,0.0
1.836441001176694,1.7713632570122286,4.414457539328982,4.41,0.4427688391136624,0.0,0.030191921841533326,0.0
1.844739412494542,1.7713632570122286,4.4150200766028656,4.41,0.47365379618822295,0.0,0.03218112624539544,0.0
1.8519253437661702,1.7713632570122286,4.4155044689721,4.41,0.49845307680013123,0.0,0.03375921280994529,0.0
1.8649260519521897,1.7713632570122286,4.416370458709947,4.41,0.535934780665593,0.0,0.036088178069050625,0.0
1.8752283882980505,1.7713632570122286,4.417056707291463,4.41,0.5656382428016159,0.0,0.03791356913930147,0.0
1.8841223639027798,1.7713632570122286,4.41764914360279,4.41,0.5912820699863985,0.0,0.03947506922170977,0.0
1.9099070290980422,1.7713632570122286,4.41934126507039,4.41,0.6563066603448648,0.0,0.04330523691227926,0.0
1.9325547324807757,1.7713632570122286,4.4208164725680925,4.41,0.7102542543517498,0.0,0.04637858350206496,0.0
1.9365113623900143,1.7713632570122286,4.421070654087384,4.41,0.7188535603289505,0.0,0.04685339281074093,0.0
1.9417423204277735,1.7713632570122286,4.421406700897899,4.41,0.7302226639769979,0.0,0.04747805789623952,0.0
1.9503064700669974,1.7713632570122286,4.421956878351103,4.41,0.7488366646172405,0.0,0.048493220486490005,0.0
1.9718219369824792,1.7713632570122286,4.423331379157919,4.41,0.7943347516880418,0.0,0.05091882352680957,0.0
1.9805522455182618,1.7713632570122286,4.4238818293784625,4.41,0.8115979520948097,0.0,0.05180798049640691,0.0
1.9966482531203353,1.7713632570122286,4.424896690525478,4.41,0.8434273225151527,0.0,0.05342399444782312,0.0
2.0137676633653823,1.7713632570122286,4.425963828128962,4.41,0.8757608193706912,0.0,0.055010297052190266,0.0
2.040873998989795,1.7713632570122286,4.4276404758917804,4.41,0.9253425495280142,0.0,0.05735063809596188,0.0
2.048686602424495,1.7713632570122286,4.428115064326195,4.41,0.9387870391013307,0.0,0.0579553430302238,0.0
2.083698494993815,1.7713632570122286,4.430233271398003,4.41,0.9982952128995517,0.0,0.060540223867257846,0.0
2.1034439969922065,1.7713632570122286,4.431407115449098,4.41,1.0302079855114272,0.0,0.0618370385044284,0.0
2.1066495511974557,1.7713632570122286,4.431597681418736,4.41,1.0353889940309762,0.0,0.06204400121579496,0.0
2.131272956786415,1.7713632570122286,4.433043943448461,4.41,1.0740246857277458,0.0,0.06352556202253283,0.0
2.150431734901619,1.7713632570122286,4.434159730776863,4.41,1.103457996327994,0.0,0.06459843316971996,0.0
2.1748781727071367,1.7713632570122286,4.4355582076260145,4.41,1.1395966105705346,0.0,0.06582667908323661,0.0
2.1903139812031847,1.7713632570122286,4.436438430114222,4.41,1.1622591024033524,0.0,0.06656456667306304,0.0
2.219484440892455,1.7713632570122286,4.438067389010994,4.41,1.2034179694722786,0.0,0.06779369268666438,0.0
2.2523388764698287,1.7713632570122286,4.439871220800563,4.41,1.248465978484418,0.0,0.06900551256879471,0.0
2.2722868607666524,1.7713632570122286,4.440950862495169,4.41,1.275205986596564,0.0,0.06965720886874363,0.0
2.2967082562995995,1.7713632570122286,4.442253864820289,4.41,1.3072444639847893,0.0,0.07036495099848179,0.0
2.317067621764384,1.7713632570122286,4.443320732992791,4.41,1.3333108410093808,0.0,0.07087562473680359,0.0
2.3371450878363036,1.7713632570122286,4.44436722598497,4.41,1.3588313201164617,0.0,0.07133476063320923,0.0
2.3711073127323963,1.7713632570122286,4.446096020409657,4.41,1.40076949865935,0.0,0.07195745971716692,0.0
2.3939889184163445,1.7713632570122286,4.447235222052561,4.41,1.4283378676822833,0.0,0.07228054042753726,0.0
2.416348381806176,1.7713632570122286,4.448336877321003,4.41,1.4549881934696218,0.0,0.07253816834061286,0.0
2.4442792885952005,1.7713632570122286,4.449688725246669,4.41,1.487686433703293,0.0,0.07276690273663271,0.0
2.4746683707387094,1.7713632570122286,4.451122863581665,4.41,1.5224454659690767,0.0,0.07289359694762246,0.0
2.5057618463437623,1.7713632570122286,4.4525576324793645,4.41,1.557341692514584,0.0,0.07290645453842498,0.0
2.594570623177073,1.7713632570122286,4.456469419880093,4.41,1.5809316224951355,0.0,0.06918695071131788,0.0
2.8403832135290976,1.7713632570122286,4.465773232147206,4.41,1.6060446527644454,0.0,0.05628524789024493,0.0
2.9999994363932045,1.7713632570122286,4.470567681963308,4.41,1.6222967632814609,0.0,0.04729076685894355,0.0
3.0699863212300347,1.7713632570122286,4.472345752448009,4.41,1.6294070948869033,0.0,0.043186265153255535,0.0
3.0746529832548224,1.7713632570122286,4.4724575090872545,4.41,1.6298808359977592,0.0,0.042909207552424326,0.0
3.0918217149423133,1.7713632570122286,4.472862043022086,4.41,1.6316233229586887,0.0,0.04188662533081483,0.0
3.1119780579239626,1.7713632570122286,4.4733180253202764,4.41,1.6336682375256784,0.0,0.040676715645471956,0.0
3.116589378113569,1.7713632570122286,4.473422343865543,4.41,1.634135920465849,0.0,0.04039991197072646,0.0
3.1235717331236033,1.7713632570122286,4.473573857045242,4.41,1.634844027395602,0.0,0.03997759767785479,0.0
3.140289943547112,1.7713632570122286,4.4739298405212,4.41,1.6365390236187956,0.0,0.03896306294774851,0.0
3.143925119548784,1.7713632570122286,4.474007244893799,4.41,1.6369074830540074,0.0,0.03874246230637892,0.0
3.1512584797574643,1.7713632570122286,4.474162304839527,4.41,1.6376506917095337,0.0,0.03829689686372154,0.0
3.1707156040410887,1.7713632570122286,4.474550680445758,4.41,1.639622096842574,0.0,0.03710332289891278,0.0
3.1739579581879367,1.7713632570122286,4.474615399735158,4.41,1.6399505152669631,0.0,0.036904422536168144,0.0
3.1845129210522547,1.7713632570122286,4.474822695795391,4.41,1.6410194603157158,0.0,0.036255259705031656,0.0
3.2135643883252984,1.7713632570122286,4.47536346355253,4.41,1.6439602962897573,0.0,0.03445377854123076,0.0
3.2193670215266237,1.7713632570122286,4.475463764005761,4.41,1.6445474686033843,0.0,0.03409015213640642,0.0
3.2233909204356777,1.7713632570122286,4.4755333184425705,4.41,1.6449545949474416,0.0,0.03383799045801035,0.0
3.239633494116299,1.7713632570122286,4.475814076754404,4.41,1.6465975160565633,0.0,0.032820125017723245,0.0
3.245176680747056,1.7713632570122286,4.475909009282364,4.41,1.6471580432207176,0.0,0.03247231502762728,0.0
3.2481673007047562,1.7713632570122286,4.47595668808889,4.41,1.6474604432084434,0.0,0.03228292439442,0.0
3.258399000479805,1.7713632570122286,4.476119809863271,4.41,1.648494843233494,0.0,0.03163496584250212,0.0
3.2621755205668133,1.7713632570122286,4.476180018105413,4.41,1.6488765659143687,0.0,0.031395803112780174,0.0
3.2668819224862107,1.7713632570122286,4.476255051252292,4.41,1.6493522229872601,0.0,0.031097751096199888,0.0
3.2708759149372395,1.7713632570122286,4.476318726609252,4.41,1.6497558308766445,0.0,0.03084481450539293,0.0
3.285725737454052,1.7713632570122286,4.4765417459086345,4.41,1.6512561511701387,0.0,0.0298976293092772,0.0
3.332603736383395,1.7713632570122286,4.477190620019953,4.41,1.6559885487583763,0.0,0.02688039073285442,0.0
3.346176201116944,1.7713632570122286,4.477358040123013,4.41,1.6573576277064126,0.0,0.02599677020621967,0.0
3.374050328449921,1.7713632570122286,4.477680754989009,4.41,1.6601677418474383,0.0,0.024171687049435182,0.0
3.41259988480212,1.7713632570122286,4.478067031357583,4.41,1.6640505340300713,0.0,0.02161821551428919,0.0
3.4358774950164443,1.7713632570122286,4.478270008232261,4.41,1.6663930383066912,0.0,0.02006154170401064,0.0
3.4626247224581075,1.7713632570122286,4.478472826307061,4.41,1.6690827443744278,0.0,0.018258006829116033,0.0
3.495580596985355,1.7713632570122286,4.478674959986262,4.41,1.6723938561027403,0.0,0.016012598870665605,0.0
3.5244312654997954,1.7713632570122286,4.478812212673981,4.41,1.6752897769917148,0.0,0.01402763864354379,0.0
3.559487575126714,1.7713632570122286,4.478925412470957,4.41,1.6788050769580667,0.0,0.011589828342001184,0.0
3.652581983934188,1.7713632570122286,4.478949051800856,4.41,1.6881206542829807,0.0,0.0049830406029071055,0.0
3.7327413112530317,1.7713632570122286,4.478636417308607,4.41,1.6961178992264345,0.0,-8.641132265100873E-4,0.0
4.064572994284805,1.7713632570122286,4.473933378858273,4.41,1.728957292025991,0.0,-0.02663563181382026,0.0
4.089962540074123,1.7713632570122286,4.473339354028938,4.41,1.7314504938225876,0.0,-0.028710833310987196,0.0
4.095236518145279,1.7713632570122286,4.473212643512532,4.41,1.7319680222953866,0.0,-0.02914330441904426,0.0
4.1026218763346085,1.7713632570122286,4.4730347771914,4.41,1.7326925368803565,0.0,-0.029749086475993076,0.0
4.113326917410601,1.7713632570122286,4.472762623170124,4.41,1.7337421946675917,0.0,-0.030633192367403472,0.0
4.119110548651686,1.7713632570122286,4.472615586041666,4.41,1.7343090913789085,0.0,-0.03111084480483262,0.0
4.122764867898389,1.7713632570122286,4.472522682364701,4.41,1.7346672047041083,0.0,-0.03141264203532544,0.0
4.131151560480568,1.7713632570122286,4.472305730814549,4.41,1.7354888317760013,0.0,-0.03210681876904911,0.0
4.146528530934983,1.7713632570122286,4.471893316103463,4.41,1.7369943765453555,0.0,-0.03338565922039497,0.0
4.163599542221808,1.7713632570122286,4.471422743645435,4.41,1.7386644787927295,0.0,-0.03481058312144045,0.0
4.187364800231844,1.7713632570122286,4.4707423702746025,4.41,1.7409871655527915,0.0,-0.036804552044506555,0.0
4.192047247444666,1.7713632570122286,4.470603703951616,4.41,1.7414444700375145,0.0,-0.037199284362870025,0.0
4.195153885493007,1.7713632570122286,4.470511703752695,4.41,1.7417478219959626,0.0,-0.03746117375065752,0.0
4.211217626121603,1.7713632570122286,4.4700288282206815,4.41,1.7433156445047493,0.0,-0.03881819030985907,0.0
4.21649059139854,1.7713632570122286,4.46986531235535,4.41,1.743829992004823,0.0,-0.03926563076319464,0.0
4.219850476296359,1.7713632570122286,4.4697611215523345,4.41,1.744157664842451,0.0,-0.03955073374902338,0.0
4.223034945516778,1.7713632570122286,4.4696623704297975,4.41,1.744468183811542,0.0,-0.03982095042965338,0.0
4.241225278744473,1.7713632570122286,4.469084947872976,4.41,1.7462409408225974,0.0,-0.04136970988886365,0.0
4.247532467935361,1.7713632570122286,4.4688805591249645,4.41,1.7468552288719374,0.0,-0.0419083507106904,0.0
4.260275632500188,1.7713632570122286,4.468463188867677,4.41,1.7480957601403995,0.0,-0.04299832709292771,0.0
4.297966360913575,1.7713632570122286,4.467167545118865,4.41,1.7517600109208602,0.0,-0.04624561522514984,0.0
4.338357017043003,1.7713632570122286,4.465695121756826,4.41,1.7556786917991447,0.0,-0.049756890342044405,0.0
4.340510964341003,1.7713632570122286,4.465613321466778,4.41,1.7558874219603566,0.0,-0.049945341975106444,0.0
4.347921622268139,1.7713632570122286,4.465331887483483,4.41,1.756605392689966,0.0,-0.05059370386671442,0.0
4.363003452197423,1.7713632570122286,4.464751410949619,4.41,1.7580657041861847,0.0,-0.051915970589994045,0.0
4.3923741374691145,1.7713632570122286,4.463581066095117,4.41,1.7609060759675113,0.0,-0.05450513904811484,0.0
4.420692333219589,1.7713632570122286,4.462407732544373,4.41,1.7636403377610748,0.0,-0.05701706835721905,0.0
4.457003497622315,1.7713632570122286,4.460840029190243,4.41,1.7671401018658288,0.0,-0.06025923721430478,0.0
4.485627287595125,1.7713632570122286,4.4595466599203855,4.41,1.7698938645833617,0.0,-0.06283373088092686,0.0
4.511495103832316,1.7713632570122286,4.458338919918923,4.41,1.7723786619805666,0.0,-0.06517251085716892,0.0
4.547306164399376,1.7713632570122286,4.4566054400620985,4.41,1.7758125465902075,0.0,-0.06842883848749594,0.0
4.571914220514893,1.7713632570122286,4.455371044278005,4.41,1.7781680891034553,0.0,-0.07067899055248936,0.0
4.612224519617525,1.7713632570122286,4.453270580523587,4.41,1.7820194290439104,0.0,-0.074386475806008,0.0
4.637229157924183,1.7713632570122286,4.451921703795877,4.41,1.784403918032166,0.0,-0.07669820061580064,0.0
4.661426076864958,1.7713632570122286,4.450581692842439,4.41,1.7867080796453405,0.0,-0.07894379024564965,0.0
4.693796064712185,1.7713632570122286,4.448737271190024,4.41,1.7897854634346053,0.0,-0.08195989764493956,0.0
4.722767821661383,1.7713632570122286,4.447030379846056,4.41,1.792534839580436,0.0,-0.08467151386200825,0.0
4.760981891957559,1.7713632570122286,4.4447093791447605,4.41,1.7961542689474281,0.0,-0.08826183188004016,0.0
4.789329936787384,1.7713632570122286,4.4429274379469,4.41,1.7988340646511518,0.0,-0.09093587691378836,0.0
4.810568189314515,1.7713632570122286,4.441563619172454,4.41,1.8008389160405558,0.0,-0.09294377050224069,0.0
4.84275753645702,1.7713632570122286,4.439444995138815,4.41,1.8038729165252423,0.0,-0.0959941893841377,0.0
4.871043174863365,1.7713632570122286,4.4375358290414235,4.41,1.8065344476694374,0.0,-0.09868035186048627,0.0
4.914364518412155,1.7713632570122286,4.434515687684092,4.41,1.8106026989577253,0.0,-0.10280341011161409,0.0
4.940654802838103,1.7713632570122286,4.432627586639794,4.41,1.813066945408301,0.0,-0.10530912829145724,0.0
4.961142605771027,1.7713632570122286,4.431129533591862,4.41,1.8149849317188547,0.0,-0.10726284559498815,0.0
5.016174394496365,1.7713632570122286,4.426980475158118,4.41,1.8201268457126052,0.0,-0.11251160381584137,0.0
5.037252014876207,1.7713632570122286,4.425344732434939,4.41,1.8220925337158718,0.0,-0.11452072534564134,0.0
5.056781457244517,1.7713632570122286,4.42380562502916,4.41,1.8239120890140943,0.0,-0.11638088542545816,0.0
5.080725880893581,1.7713632570122286,4.42188916329408,4.41,1.8261407448511282,0.0,-0.11865913589746034,0.0
5.110490398616938,1.7713632570122286,4.419459815570379,4.41,1.8289078425401388,0.0,-0.12148590203976377,0.0
5.140308879985918,1.7713632570122286,4.4169730622658845,4.41,1.8316765411513187,0.0,-0.12431003633163958,0.0
5.168803730530651,1.7713632570122286,4.414552265962484,4.41,1.8343192448663566,0.0,-0.12700056563953313,0.0
5.201536409280297,1.7713632570122286,4.411708301146912,4.41,1.8373517964874273,0.0,-0.13007684977079628,0.0
5.229501246697959,1.7713632570122286,4.409235017662884,4.41,1.8399399137115724,0.0,-0.13269306297201766,0.0
5.261217171928924,1.7713632570122286,4.406370787350158,4.41,1.8428728775103962,0.0,-0.1356410758822379,0.0
5.288257981199026,1.7713632570122286,4.403888588041579,4.41,1.8453714898461415,0.0,-0.13813943215384186,0.0
5.32088140511472,1.7713632570122286,4.400835293306594,4.41,1.8483843172025347,0.0,-0.14112831324448508,0.0
5.3501596052738085,1.7713632570122286,4.398048856978111,4.41,1.8510866821416454,0.0,-0.14378793967346876,0.0
5.395007927978044,1.7713632570122286,4.393686468111469,4.41,1.855224892565303,0.0,-0.1478084720185396,0.0
5.40865164811383,1.7713632570122286,4.392339999621102,4.41,1.85648349941849,0.0,-0.14901926529120185,0.0
5.444678668637631,1.7713632570122286,4.388734404055683,4.41,1.859807260356432,0.0,-0.1521806419003658,0.0
5.4696522325406765,1.7713632570122286,4.386193439878487,4.41,1.8621119207791996,0.0,-0.1543391325457445,0.0
5.499367404217446,1.7713632570122286,4.383131637796586,4.41,1.8648548526067739,0.0,-0.15687358786892122,0.0
5.529309087097607,1.7713632570122286,4.380000120650094,4.41,1.867620514217891,0.0,-0.15938218312148553,0.0
5.558894520364227,1.7713632570122286,4.376865802722786,4.41,1.8703550741556958,0.0,-0.1618177706399362,0.0
5.599755242354244,1.7713632570122286,4.372465318308269,4.41,1.8741369334433091,0.0,-0.16509492550412413,0.0
5.649007781341281,1.7713632570122286,4.367062475140137,4.41,1.8787044741072747,0.0,-0.1689080039031418,0.0
5.653541393712084,1.7713632570122286,4.366558849060083,4.41,1.8791257045457153,0.0,-0.16924912085332017,0.0
5.682358944035166,1.7713632570122286,4.363342378087602,4.41,1.881804970822416,0.0,-0.17139129739771208,0.0
5.707448015642208,1.7713632570122286,4.360513969565335,4.41,1.8841418744042406,0.0,-0.17320491892222467,0.0
5.737157168459556,1.7713632570122286,4.3571322639615016,4.41,1.8869148726190241,0.0,-0.17528722259970533,0.0
5.76692646397353,1.7713632570122286,4.3537088007151326,4.41,1.889700825762041,0.0,-0.17729552322823605,0.0
5.801461311817584,1.7713632570122286,4.349697772172962,4.41,1.8929424530828485,0.0,-0.17952577203040784,0.0
5.828321091574629,1.7713632570122286,4.346550859422899,4.41,1.8954714190128776,0.0,-0.1811835702576949,0.0
5.859137261337727,1.7713632570122286,4.342910043048873,4.41,1.8983832087610018,0.0,-0.18298870466395512,0.0
5.8870561897673515,1.7713632570122286,4.339586968688843,4.41,1.9010309464322772,0.0,-0.18453491928537946,0.0
5.920275935487352,1.7713632570122286,4.335605424413905,4.41,1.9041941641370352,0.0,-0.1862602703954773,0.0
5.945887410302808,1.7713632570122286,4.332517133567152,4.41,1.906643008744443,0.0,-0.18750194163570424,0.0
5.976748875129595,1.7713632570122286,4.328775128434691,4.41,1.909607317085429,0.0,-0.18888266548034371,0.0
6.00869947375286,1.7713632570122286,4.324881264946911,4.41,1.9126918956678183,0.0,-0.19017986272063153,0.0
6.036206767243146,1.7713632570122286,4.321515044330453,4.41,1.915361057752924,0.0,-0.19118376960170844,0.0
6.0658342928605835,1.7713632570122286,4.317877433298175,4.41,1.9182506853177288,0.0,-0.1921436509668113,0.0
6.1024724899770995,1.7713632570122286,4.3133652582501645,4.41,1.9218476136174107,0.0,-0.19313845037692398,0.0
6.1276584980129885,1.7713632570122286,4.310257666460685,4.41,1.9243350799089436,0.0,-0.19370166218210338,0.0
6.1550221012023805,1.7713632570122286,4.306878194294981,4.41,1.927052846377527,0.0,-0.19419020887931648,0.0
6.183132915732517,1.7713632570122286,4.303405528655752,4.41,1.9298609065912526,0.0,-0.19456193391663967,0.0
6.214127552746461,1.7713632570122286,4.2995786010845665,4.41,1.9329772396490879,0.0,-0.19480801833490363,0.0
6.249429874700968,1.7713632570122286,4.295227120490356,4.41,1.9365536682405717,0.0,-0.19486853834628237,0.0
6.276704474254637,1.7713632570122286,4.291873523921556,4.41,1.9393361105290075,0.0,-0.19475700562681048,0.0
6.31352137773916,1.7713632570122286,4.287364418589234,4.41,1.9431212996002176,0.0,-0.19436366580283698,0.0
6.334115282424982,1.7713632570122286,4.28485277739292,4.41,1.94525252942033,0.0,-0.1940264850754206,0.0
6.36266815942901,1.7713632570122286,4.281386572957661,4.41,1.948225113040832,0.0,-0.1934083015560679,0.0
6.395384607904774,1.7713632570122286,4.27744106210114,4.41,1.9516557408544672,0.0,-0.19248674413466355,0.0
6.445560862781655,1.7713632570122286,4.271455596076306,4.41,1.9569685671153934,0.0,-0.19061516266934492,0.0
6.48380241753464,1.7713632570122286,4.266959135777194,4.41,1.9610602830408475,0.0,-0.18879532589541187,0.0
6.499309651531952,1.7713632570122286,4.265153530744948,4.41,1.9627294509087125,0.0,-0.1879616125704233,0.0
6.511139041979922,1.7713632570122286,4.2637831729943745,4.41,1.9640063244743282,0.0,-0.18728996629816924,0.0
6.599116936262214,1.7713632570122286,4.253826248066812,4.41,1.9414871220762995,0.0,-0.17765013893741516,0.0
6.615512600651754,1.7713632570122286,4.252021452393011,4.41,1.9264357570143391,0.0,-0.1744850286357843,0.0
6.643567868662111,1.7713632570122286,4.2489744839891115,4.41,1.9002223545302956,0.0,-0.16895133172749632,0.0
6.662883134249924,1.7713632570122286,4.246909137451254,4.41,1.8818161746960438,0.0,-0.16505705760607567,0.0
6.789184346104571,1.7713632570122286,4.234128975630539,4.41,1.7532685512395316,0.0,-0.13820861581847496,0.0
6.798319781440259,1.7713632570122286,4.233258348209703,4.41,1.7433415463673825,0.0,-0.13619117360788094,0.0
6.801994241985422,1.7713632570122286,4.2329112001936915,4.41,1.7393119323135977,0.0,-0.13537473539434242,0.0
6.804996122942239,1.7713632570122286,4.232627594748577,4.41,1.7360195794281266,0.0,-0.13471000554503162,0.0
6.809370362985575,1.7713632570122286,4.232214334425344,4.41,1.7312215499927754,0.0,-0.13374503199438662,0.0
6.830021486769824,1.7713632570122286,4.230301618497359,4.41,1.7080951497602603,0.0,-0.1291245010049684,0.0
6.836315466762327,1.7713632570122286,4.229725415918247,4.41,1.7009604059717232,0.0,-0.12771506071705893,0.0
6.83888994942516,1.7713632570122286,4.229489726648187,4.41,1.6980416266965244,0.0,-0.12714134038575292,0.0
6.8623619819965525,1.7713632570122286,4.227389042866252,4.41,1.670805439796506,0.0,-0.12183868269075268,0.0
6.8870061715727955,1.7713632570122286,4.225242554296103,4.41,1.6414039355822194,0.0,-0.11625065523124271,0.0
6.920530221574077,1.7713632570122286,4.222431841258235,4.41,1.5998416231935646,0.0,-0.10861043558364397,0.0
6.930370265861743,1.7713632570122286,4.221629204442876,4.41,1.5873039210189615,0.0,-0.10636936895866185,0.0
6.954873574793146,1.7713632570122286,4.219683796962972,4.41,1.55523459017158,0.0,-0.10077752989977388,0.0
6.976071740237377,1.7713632570122286,4.218058664197011,4.41,1.5265126585492756,0.0,-0.09594749793280485,0.0
6.9911320080871935,1.7713632570122286,4.216937389625686,4.41,1.5055091765030206,0.0,-0.09252505160860142,0.0
7.0124509503094785,1.7713632570122286,4.215398807884691,4.41,1.474844944679772,0.0,-0.08769854300838689,0.0
7.045032878422555,1.7713632570122286,4.213157830583306,4.41,1.4256717304335083,0.0,-0.08038685269512397,0.0
7.096225973049623,1.7713632570122286,4.2099263785674355,4.41,1.3413290079730542,0.0,-0.06909519125894048,0.0
7.110358519907041,1.7713632570122286,4.209096803483598,4.41,1.3162393421108916,0.0,-0.06603763938569313,0.0
7.111607265222019,1.7713632570122286,4.20902528701496,4.41,1.3139643242833405,0.0,-0.06576766568891954,0.0
7.115327097348105,1.7713632570122286,4.208812249773185,4.41,1.3071869445403954,0.0,-0.06496841075670132,0.0
7.237330150653731,1.7713632570122286,4.202940776942283,4.41,1.028572439702448,0.0,-0.040040798626098204,0.0
7.2435232875022635,1.7713632570122286,4.20270303341834,4.41,1.0093815981068857,0.0,-0.03883030041997888,0.0
7.24522361586168,1.7713632570122286,4.202639429105793,4.41,1.0038816455770792,0.0,-0.03849492311865406,0.0
7.248985805683877,1.7713632570122286,4.202498696584345,4.41,0.9917117903117811,0.0,-0.037763413299090554,0.0
7.250846915224666,1.7713632570122286,4.202429077917891,4.41,0.9856912490398426,0.0,-0.0374069193069604,0.0
7.252467751212288,1.7713632570122286,4.202368447182556,4.41,0.9804478339725686,0.0,-0.037099348117757794,0.0
7.2557080675007075,1.7713632570122286,4.202249062755897,4.41,0.969612738000678,0.0,-0.036478776036633145,0.0
7.261832998964387,1.7713632570122286,4.202034214950757,4.41,0.9470442861009332,0.0,-0.03525677633611841,0.0
7.262809488942472,1.7713632570122286,4.2019999620403725,4.41,0.9434460435787613,0.0,-0.03506603260219134,0.0
7.263719876842592,1.7713632570122286,4.201968027831259,4.41,0.9400913341453685,0.0,-0.03488921123722637,0.0
7.264712595474548,1.7713632570122286,4.201933205658887,4.41,0.9364331933375953,0.0,-0.03469751016463517,0.0
7.265936869289797,1.7713632570122286,4.201890261089849,4.41,0.9319217081137441,0.0,-0.034462690407523956,0.0
7.269189329018183,1.7713632570122286,4.201776172656682,4.41,0.9199359262203999,0.0,-0.03384742130859486,0.0
7.270073217427996,1.7713632570122286,4.201745573739009,4.41,0.9165572330934972,0.0,-0.03367798727569443,0.0
7.272291439334686,1.7713632570122286,4.201672981357954,4.41,0.9068219963862099,0.0,-0.03321211446794109,0.0
7.279991957460131,1.7713632570122286,4.201420978190737,4.41,0.8730241179844169,0.0,-0.031648575845015584,0.0
7.285694955477065,1.7713632570122286,4.201236242471495,4.41,0.8469046248651972,0.0,-0.030508474404681466,0.0
7.290621248897497,1.7713632570122286,4.201086723073738,4.41,0.818581748720498,0.0,-0.02937633632426017,0.0
7.295645940064272,1.7713632570122286,4.200934217176696,4.41,0.7896915151374632,0.0,-0.028267793507160882,0.0
7.300759748257901,1.7713632570122286,4.200781042447752,4.41,0.7532581368588398,0.0,-0.026974692600106757,0.0
7.302679885254353,1.7713632570122286,4.200727363925869,4.41,0.7263351182895319,0.0,-0.02610775794734605,0.0
7.304683151039272,1.7713632570122286,4.20067136149142,4.41,0.69824597159706,0.0,-0.025220962604423386,0.0
7.306722938284257,1.7713632570122286,4.200614338078783,4.41,0.6696441689702307,0.0,-0.024336542963922347,0.0
7.308859762199306,1.7713632570122286,4.200554601950841,4.41,0.6396811223726743,0.0,-0.023430116681998805,0.0
7.311281432269474,1.7713632570122286,4.200486902786616,4.41,0.6057231666751086,0.0,-0.022427682268805472,0.0
7.314796728967997,1.7713632570122286,4.2003886306679545,4.41,0.556428443342305,0.0,-0.021019476032165963,0.0
7.327445699987158,1.7713632570122286,4.200065953321761,4.41,0.5195476751844915,0.0,-0.020062302484989292,0.0
7.326203834175369,1.7713632570122286,4.200098018926841,4.41,0.5018913319615912,0.0,-0.019606406748452113,0.0
7.324677843231306,1.7713632570122286,4.200137420786932,4.41,0.48019541312106245,0.0,-0.019046207120772474,0.0
7.323026199939028,1.7713632570122286,4.200180067054379,4.41,0.4567130202784257,0.0,-0.018439879828337263,0.0
7.321105938904873,1.7713632570122286,4.200229649168153,4.41,0.42941152959019346,0.0,-0.017734941492650053,0.0
7.319140536494563,1.7713632570122286,4.200280396855153,4.41,0.40146823716831614,0.0,-0.017013431510706438,0.0
7.3150666600652805,1.7713632570122286,4.200385586410649,4.41,0.3435475183593542,0.0,-0.015517889176214193,0.0
7.30597365400586,1.7713632570122286,4.200647198011563,4.41,0.28851290295166615,0.0,-0.013620649825195076,0.0
7.302611355627585,1.7713632570122286,4.200744059247895,4.41,0.26851248631029556,0.0,-0.01287758813622259,0.0
7.301941356545346,1.7713632570122286,4.2007633606102806,4.41,0.26452714292384166,0.0,-0.012726376431726279,0.0
7.299384073695561,1.7713632570122286,4.20083869807289,4.41,0.25007655676782037,0.0,-0.012161491182591033,0.0
7.292728034779101,1.7713632570122286,4.201050259750176,4.41,0.21952646297331685,0.0,-0.010835889588752392,0.0
7.285708484008076,1.7713632570122286,4.201273375623378,4.41,0.1873111350040388,0.0,-0.009352250537021671,0.0
7.273539231499361,1.7713632570122286,4.20169408748421,4.41,0.13950011660421469,0.0,-0.006843235005202709,0.0
7.268857665388727,1.7713632570122286,4.2018602710858515,4.41,0.12183865066335348,0.0,-0.005843312908499853,0.0
7.260476016413214,1.7713632570122286,4.202176305354663,4.41,0.09303072635425252,0.0,-0.004075261195648723,0.0
7.25179885839082,1.7713632570122286,4.202513330283742,4.41,0.06427692321216394,0.0,-0.002187387684402863,0.0
7.241944145659754,1.7713632570122286,4.20291391048272,4.41,0.03355373912134252,0.0,-3.989202300935801E-6,0.0
7.227232788705245,1.7713632570122286,4.203550170038184,4.41,-0.009153515253041755,0.0,0.003336512035244158,0.0
7.219061818869776,1.7713632570122286,4.203924949712504,4.41,-0.03142566754858389,0.0,0.005231296169271045,0.0
7.20854998082571,1.7713632570122286,4.2044199265378985,4.41,-0.05930705018113003,0.0,0.007734973193756194,0.0
7.196106942929614,1.7713632570122286,4.205034679840939,4.41,-0.09075695811917361,0.0,0.01076635819982067,0.0
7.183320780178962,1.7713632570122286,4.205702871582938,4.41,-0.12142203344456726,0.0,0.013950218602662268,0.0
7.165389127875212,1.7713632570122286,4.206689559963629,4.41,-0.16251001611334748,0.0,0.01855796654413523,0.0
7.153848850004779,1.7713632570122286,4.207359438812357,4.41,-0.18775350963096793,0.0,0.021599997440672338,0.0
7.140194910974694,1.7713632570122286,4.208185386710733,4.41,-0.216623825474222,0.0,0.02527876863718627,0.0
7.125709994205609,1.7713632570122286,4.209100384041411,4.41,-0.24619918321335177,0.0,0.029273930308806585,0.0
7.109195888495006,1.7713632570122286,4.210191160753866,4.41,-0.2787514833312441,0.0,0.03394265977577754,0.0
7.089615516167428,1.7713632570122286,4.211557952139252,4.41,-0.31575212105052186,0.0,0.03961801430115037,0.0
7.036032187153844,1.7713632570122286,4.215663701275261,4.41,-0.4103321885193897,0.0,0.055929600308003924,0.0
7.027162538737326,1.7713632570122286,4.216401388391095,4.41,-0.42508127031231246,0.0,0.058724210478332095,0.0
7.0227427750029365,1.7713632570122286,4.2167690965027855,4.41,-0.4324266792253598,0.0,0.060134056354832086,0.0
7.020708854574201,1.7713632570122286,4.2169407270878025,4.41,-0.43577447418766546,0.0,0.06078361791897516,0.0
6.997992400569931,1.7713632570122286,4.218917414431114,4.41,-0.4723728335815538,0.0,0.0681233514239718,0.0
6.975797754854461,1.7713632570122286,4.220938059334028,4.41,-0.5070272682217721,0.0,0.07546025656096851,0.0
6.941391274658411,1.7713632570122286,4.224255425799731,4.41,-0.5586859846520283,0.0,0.08712142661563052,0.0
6.928756071084294,1.7713632570122286,4.225528528579304,4.41,-0.577095239129408,0.0,0.0914874982587251,0.0
6.917791446172831,1.7713632570122286,4.2266561116610175,4.41,-0.5928510910260392,0.0,0.09531189529564087,0.0
6.891988762846406,1.7713632570122286,4.229396332614562,4.41,-0.6291364666991339,0.0,0.10443146640974277,0.0
6.868799096301948,1.7713632570122286,4.231964661776742,4.41,-0.6608418118422815,0.0,0.11275881354510134,0.0
6.848683342718601,1.7713632570122286,4.234269885220131,4.41,-0.6877236363119882,0.0,0.12007896009901174,0.0
6.824617501235787,1.7713632570122286,4.237120311332689,4.41,-0.7191811714067852,0.0,0.1289466083179869,0.0
6.799909251504047,1.7713632570122286,4.2401574036230905,4.41,-0.7506902836314214,0.0,0.13815609896384545,0.0
6.770058813813886,1.7713632570122286,4.24396337490899,4.41,-0.7878345838827177,0.0,0.14942271163052337,0.0
6.747297360448623,1.7713632570122286,4.24697140081063,4.41,-0.8154857578279469,0.0,0.15809605927233203,0.0
6.719651973380971,1.7713632570122286,4.250739597711936,4.41,-0.8483775149941779,0.0,0.1687219472650044,0.0
6.69363582237591,1.7713632570122286,4.254401550866521,4.41,-0.8786651003532677,0.0,0.17879631878444505,0.0
6.667304126677278,1.7713632570122286,4.258220228845735,4.41,-0.9087040024165487,0.0,0.18905327304758585,0.0
6.631232465921861,1.7713632570122286,4.263628600449001,4.41,-0.9489257535284639,0.0,0.2031829625781513,0.0
6.605341493882624,1.7713632570122286,4.267639633767599,4.41,-0.9771520082383285,0.0,0.2133540709244226,0.0
6.580011474349474,1.7713632570122286,4.271662998931248,4.41,-0.9988721642459559,0.0,0.22245411707254442,0.0
6.550172989135769,1.7713632570122286,4.276522044079785,4.41,-1.0023157084479402,0.0,0.22958796464482392,0.0
6.520655233280373,1.7713632570122286,4.281460258340195,4.41,-1.004244345853336,0.0,0.23623562471035708,0.0
6.487124641877962,1.7713632570122286,4.287218698065338,4.41,-1.006442160949564,0.0,0.2435771150760206,0.0
6.454191115110248,1.7713632570122286,4.293022249714877,4.41,-1.0086119847679402,0.0,0.2505651400779089,0.0
6.431369282281878,1.7713632570122286,4.297129572010138,4.41,-1.010125168236802,0.0,0.25527009720494453,0.0
6.376440235852073,1.7713632570122286,4.307284768897789,4.41,-1.0138073324203807,0.0,0.26612527755621146,0.0
6.2851009643448,1.7713632570122286,4.324962022587607,4.41,-1.0201043187841443,0.0,0.2826185684043697,0.0
6.282961615348164,1.7713632570122286,4.325386222554682,4.41,-1.0202545984623923,0.0,0.2829825491872617,0.0
6.2730835850613955,1.7713632570122286,4.3273559367227055,4.41,-1.0209529536523176,0.0,0.284637068952273,0.0
6.246741510584824,1.7713632570122286,4.332653544793051,4.41,-1.022831282875357,0.0,0.28893804542880985,0.0
6.237293607125632,1.7713632570122286,4.334570920782084,4.41,-1.0235118679954998,0.0,0.29043624261604356,0.0
6.225003515024681,1.7713632570122286,4.337076999237836,4.41,-1.0244021002254244,0.0,0.29235338199605426,0.0
6.19609547023564,1.7713632570122286,4.343026832651832,4.41,-1.0265211116238189,0.0,0.29670942309155274,0.0
6.145026115492747,1.7713632570122286,4.353715691829249,4.41,-1.0303569626004312,0.0,0.30386868704322534,0.0
6.121147331440188,1.7713632570122286,4.358785243068765,4.41,-1.0321936560064746,0.0,0.30697808571959123,0.0
6.091245668113864,1.7713632570122286,4.365192824172088,4.41,-1.0345350718803745,0.0,0.3106531784919667,0.0
6.078981861806166,1.7713632570122286,4.367838791815399,4.41,-1.0355091972434871,0.0,0.3120894044007885,0.0
6.049377364925542,1.7713632570122286,4.374265291937439,4.41,-1.0378940170418596,0.0,0.31538877277263366,0.0
6.020465081174551,1.7713632570122286,4.380592413347453,4.41,-1.0402712367197144,0.0,0.31837436550224163,0.0
5.992597879373195,1.7713632570122286,4.386734255559657,4.41,-1.0426096884345064,0.0,0.32102586072008854,0.0
5.96198578860514,1.7713632570122286,4.393523840444306,4.41,-1.0452322093730186,0.0,0.32368563933385575,0.0
5.934109080736421,1.7713632570122286,4.399740619380266,4.41,-1.0476700226896871,0.0,0.32587801313708153,0.0
5.899612891430451,1.7713632570122286,4.407472157173327,4.41,-1.0507547359929097,0.0,0.3282810243315152,0.0
5.866938453961914,1.7713632570122286,4.414827096471749,4.41,-1.0537461701741695,0.0,0.3302437006927588,0.0
5.843995785961192,1.7713632570122286,4.420006321603378,4.41,-1.0558890185139698,0.0,0.3314328198646776,0.0
5.814689519551701,1.7713632570122286,4.426634661978547,4.41,-1.0586747915623909,0.0,0.3327364119581063,0.0
5.786930182390462,1.7713632570122286,4.43292219751209,4.41,-1.0613655308456653,0.0,0.33374141394348666,0.0
5.75695841455174,1.7713632570122286,4.4397154998285675,4.41,-1.0643294771509566,0.0,0.3345673799289891,0.0
5.726989388866624,1.7713632570122286,4.446507328674934,4.41,-1.0673511345187225,0.0,0.33513733407207247,0.0
5.699866030351403,1.7713632570122286,4.4526489503833195,4.41,-1.0701361812638288,0.0,0.3354304457220117,0.0
5.668948228756739,1.7713632570122286,4.459638423100542,4.41,-1.073368114975176,0.0,0.3355096285780922,0.0
5.63912246822643,1.7713632570122286,4.466363304011335,4.41,-1.0765457912698675,0.0,0.3353173368971551,0.0
5.5918152532238965,1.7713632570122286,4.4769828042305475,4.41,-1.08169803132017,0.0,0.33450272498324696,0.0
5.509751650063337,1.7713632570122286,4.4952076867663155,4.41,-1.0909576755942605,0.0,0.3315860406243534,0.0
5.502557217399838,1.7713632570122286,4.496790551542719,4.41,-1.0917882260768166,0.0,0.3312401480772778,0.0
5.498475758115503,1.7713632570122286,4.497688176345592,4.41,-1.0922597157152434,0.0,0.3310421011814493,0.0
5.492802596289312,1.7713632570122286,4.4989324025685296,4.41,-1.092918853614646,0.0,0.33074884228768053,0.0
5.461259151155337,1.7713632570122286,4.505823950100816,4.41,-1.0966090277144787,0.0,0.32898917870476085,0.0
5.435195817390493,1.7713632570122286,4.511472964514439,4.41,-1.099698488813118,0.0,0.32732913296609983,0.0
5.4057030453526504,1.7713632570122286,4.5178128246242375,4.41,-1.1032354717312376,0.0,0.3252343358400952,0.0
5.376250348695264,1.7713632570122286,4.524081872256861,4.41,-1.106810781978061,0.0,0.3229081122363033,0.0
5.345971195146714,1.7713632570122286,4.530459373974662,4.41,-1.1105273624329723,0.0,0.3202841133592278,0.0
5.285057961993948,1.7713632570122286,4.543062744808176,4.41,-1.1181200460609146,0.0,0.31430554478382366,0.0
5.281549545856418,1.7713632570122286,4.543777584969266,4.41,-1.1185624187481522,0.0,0.31392982460054625,0.0
5.259490372011124,1.7713632570122286,4.548255056342105,4.41,-1.1213494182847423,0.0,0.3115221837263843,0.0
5.228774623057928,1.7713632570122286,4.554408129258403,4.41,-1.125260134996488,0.0,0.3079629738406019,0.0
5.175942264229819,1.7713632570122286,4.564772798324049,4.41,-1.1320531509146055,0.0,0.30132899455311074,0.0
5.1156064654074695,1.7713632570122286,4.576240242519049,4.41,-1.139899351243754,0.0,0.29297472523686496,0.0
5.106841083714516,1.7713632570122286,4.577872141190017,4.41,-1.1410455849782677,0.0,0.2916951988831151,0.0
5.090475218572597,1.7713632570122286,4.580893912322397,4.41,-1.1431898190316352,0.0,0.2892602842246748,0.0
5.080424464153566,1.7713632570122286,4.582735054424486,4.41,-1.144508562409111,0.0,0.28773886888911165,0.0
5.053737540524369,1.7713632570122286,4.587562243721407,4.41,-1.1480181635482052,0.0,0.28359344408694176,0.0
5.0135157949754925,1.7713632570122286,4.594670107361202,4.41,-1.153324441304922,0.0,0.2770718239165991,0.0
4.986843434324855,1.7713632570122286,4.599269340484536,4.41,-1.156851255025782,0.0,0.272571548246039,0.0
4.9633179704984824,1.7713632570122286,4.603244762772955,4.41,-1.1599661451121133,0.0,0.26848489124976865,0.0
4.433660927569615,1.7713632570122286,4.670872297606571,4.41,-1.2282599198959634,0.0,0.1545417960282843,0.0
4.41810584316086,1.7713632570122286,4.672168387701639,4.41,-1.2301492054601089,0.0,0.15072712449347778,0.0
4.41523690798506,1.7713632570122286,4.672402851359962,4.41,-1.2304966403375386,0.0,0.1500215854003881,0.0
4.411877607651546,1.7713632570122286,4.67267739009902,4.41,-1.230903007755787,0.0,0.1491954165019309,0.0
4.409068473104737,1.7713632570122286,4.672906966552375,4.41,-1.2312424485547013,0.0,0.14850452173880624,0.0
4.392766246671331,1.7713632570122286,4.674194561826559,4.41,-1.2332066208591248,0.0,0.14447702421529135,0.0
4.388611388940439,1.7713632570122286,4.674512439532719,4.41,-1.2337055924934712,0.0,0.14344655047849583,0.0
4.368590432865552,1.7713632570122286,4.676017974593283,4.41,-1.2360999076305919,0.0,0.13847080072717313,0.0
4.3614829520644784,1.7713632570122286,4.67653821658001,4.41,-1.2369459329728243,0.0,0.13669905787236397,0.0
4.353208920575732,1.7713632570122286,4.677127646748239,4.41,-1.2379282984700488,0.0,0.13463076920115566,0.0
4.3474558930386555,1.7713632570122286,4.677535947392338,4.41,-1.2386095902059657,0.0,0.13319203472993443,0.0
4.344510811712044,1.7713632570122286,4.677737937440735,4.41,-1.2389579020352581,0.0,0.13245318815096987,0.0
4.3394676592371075,1.7713632570122286,4.6780838248711705,4.41,-1.2395534563674013,0.0,0.1311879254173423,0.0
4.323576358540793,1.7713632570122286,4.679149402067912,4.41,-1.2414230440467824,0.0,0.12719293900187317,0.0
4.30344565345248,1.7713632570122286,4.68043923864899,4.41,-1.2437760145448349,0.0,0.12211307086129654,0.0
4.296202173950722,1.7713632570122286,4.680881947598266,4.41,-1.2446184759189944,0.0,0.1202788642928726,0.0
4.292373687061142,1.7713632570122286,4.681113784580484,4.41,-1.245062824183855,0.0,0.11930874709966405,0.0
4.287795074269459,1.7713632570122286,4.681391046016395,4.41,-1.2455933694385606,0.0,0.11814849893915796,0.0
4.270015369367066,1.7713632570122286,4.682420652105581,4.41,-1.2476450928281244,0.0,0.11363008071803281,0.0
4.263843247368055,1.7713632570122286,4.682761022902393,4.41,-1.2483541467842905,0.0,0.11205707206359769,0.0
4.2606486013540055,1.7713632570122286,4.682937196382034,4.41,-1.2487204706960955,0.0,0.11124285562126474,0.0
4.243598276739288,1.7713632570122286,4.683845230425214,4.41,-1.2506680153352556,0.0,0.1068892548315969,0.0
4.238840667761635,1.7713632570122286,4.6840918564223495,4.41,-1.2512091371721614,0.0,0.10567278453850334,0.0
4.224221705629184,1.7713632570122286,4.684818295120537,4.41,-1.252865624217838,0.0,0.10192761982174903,0.0
4.218504005012327,1.7713632570122286,4.685086764217399,4.41,-1.2535109357789593,0.0,0.10045946583246489,0.0
4.188508525691931,1.7713632570122286,4.686427981174468,4.41,-1.2568721068512063,0.0,0.09274349886810236,0.0
4.141515994250556,1.7713632570122286,4.688211041975712,4.41,-1.2620559897346355,0.0,0.0805974916547652,0.0
4.090800501235883,1.7713632570122286,4.689698703553328,4.41,-1.2675372500894095,0.0,0.06742626498557686,0.0
4.086583787275427,1.7713632570122286,4.689802854288722,4.41,-1.2679876623544377,0.0,0.06632886400382623,0.0
4.069392229580438,1.7713632570122286,4.6901930806650975,4.41,-1.2698155156833126,0.0,0.06185147576109914,0.0
4.038368535021711,1.7713632570122286,4.690763978301226,4.41,-1.2730795626730025,0.0,0.05376063848365451,0.0
4.001113047297038,1.7713632570122286,4.691232004226008,4.41,-1.2769406631240237,0.0,0.04403126209710599,0.0
3.975459155271502,1.7713632570122286,4.691404724352034,4.41,-1.2795622845163894,0.0,0.037326123310210714,0.0
3.9498872741255546,1.7713632570122286,4.691471264071348,4.41,-1.2821455256358127,0.0,0.0306407090241883,0.0
3.9186978979550404,1.7713632570122286,4.691395638665766,4.41,-1.2852558851876736,0.0,0.022486950250002427,0.0
3.890321800752431,1.7713632570122286,4.6911729992392095,4.41,-1.2880474180556654,0.0,0.01507201368995182,0.0
3.8500716551494034,1.7713632570122286,4.690624127908045,4.41,-1.2919470329484222,0.0,0.00468831295251676,0.0
3.8271455982030007,1.7713632570122286,4.690172748754396,4.41,-1.294163685072402,0.0,1.932597112290456E-4,0.0
3.799098309804616,1.7713632570122286,4.68953905901293,4.41,-1.2968163607314398,0.0,-0.007120782380641601,0.0
3.7691586138523583,1.7713632570122286,4.688735724237614,4.41,-1.2996633109796663,0.0,-0.01300612411526296,0.0
3.7389507386858316,1.7713632570122286,4.687812753416531,4.41,-1.302517772038733,0.0,-0.018801081390358243,0.0
3.7039903134546863,1.7713632570122286,4.686600173070498,4.41,-1.3057875837206472,0.0,-0.0257087933882527,0.0
3.661078003893713,1.7713632570122286,4.684888891556448,4.41,-1.3097469678616767,0.0,-0.034503287455814845,0.0
3.567024802295303,1.7713632570122286,4.680245072745244,4.41,-1.318185168467771,0.0,-0.05507893031183339,0.0
3.5600688897943007,1.7713632570122286,4.679843420031819,4.41,-1.31879394988818,0.0,-0.05668767244662298,0.0
3.553411014690941,1.7713632570122286,4.679458374439638,4.41,-1.3193750596031626,0.0,-0.058228317615347164,0.0
3.5477354981273455,1.7713632570122286,4.679130141692367,4.41,-1.3198692379518386,0.0,-0.05954157552100231,0.0
3.5279180314453793,1.7713632570122286,4.6779263083393205,4.41,-1.3215811473628154,0.0,-0.06421555198028815,0.0
3.4880105618367723,1.7713632570122286,4.675313040911658,4.41,-1.3249679742793672,0.0,-0.07392041086340534,0.0
3.4579594384131513,1.7713632570122286,4.673169652016855,4.41,-1.3274602063904761,0.0,-0.08150451061190457,0.0
3.4402733331006985,1.7713632570122286,4.671840505474533,4.41,-1.3289023161357336,0.0,-0.08607606098438313,0.0
3.3926040419614436,1.7713632570122286,4.667992728412075,4.41,-1.3326896293902397,0.0,-0.09882808658928025,0.0
3.3725825354642627,1.7713632570122286,4.666252646872725,4.41,-1.3342329401413222,0.0,-0.1043883058543189,0.0
3.3497625192260903,1.7713632570122286,4.6641797637327596,4.41,-1.3359552552074268,0.0,-0.11087566228994256,0.0
3.278177647047532,1.7713632570122286,4.657031860695277,4.41,-1.341076223457766,0.0,-0.13232890137762088,0.0
3.251103362280673,1.7713632570122286,4.654059670696487,4.41,-1.342888127903553,0.0,-0.14091216319664224,0.0
3.246764740195106,1.7713632570122286,4.653567044419653,4.41,-1.3431710779303367,0.0,-0.1423167485621731,0.0
3.2283949728576826,1.7713632570122286,4.6514446287462,4.41,-1.3443480909667227,0.0,-0.14832940462237876,0.0
3.200826660063684,1.7713632570122286,4.648121082726413,4.41,-1.3460426978810585,0.0,-0.15760355852966057,0.0
3.171206987469999,1.7713632570122286,4.644360616680752,4.41,-1.3477603558545534,0.0,-0.16791602645557785,0.0
3.141570595925181,1.7713632570122286,4.640391863407954,4.41,-1.349362101315667,0.0,-0.1786191068239374,0.0
3.110109479021638,1.7713632570122286,4.635940685135561,4.41,-1.3509214262960918,0.0,-0.19043338128481346,0.0
3.0659491645532144,1.7713632570122286,4.629263433378566,4.41,-1.3528381610937052,0.0,-0.20784819716097777,0.0
2.9712840955002933,1.7713632570122286,4.613120685553232,4.41,-1.3556630128542448,0.0,-0.24883851304224344,0.0
2.9610863823828883,1.7713632570122286,4.611224638008943,4.41,-1.3558459075295515,0.0,-0.2535766735005124,0.0
2.949004379937189,1.7713632570122286,4.608935283957252,4.41,-1.3560275756426896,0.0,-0.25928036109460073,0.0
2.945810064676644,1.7713632570122286,4.608317536220495,4.41,-1.3560672409489753,0.0,-0.26081502894019415,0.0
2.924863398450647,1.7713632570122286,4.604213376426153,4.41,-1.356268710872227,0.0,-0.27098928231140756,0.0
2.904244759495237,1.7713632570122286,4.600021513085221,4.41,-1.356337890882764,0.0,-0.28132983038745685,0.0
2.8713186808237077,1.7713632570122286,4.593031814146645,4.41,-1.356172045311745,0.0,-0.2984816111477369,0.0
2.8471578665888724,1.7713632570122286,4.587643245094582,4.41,-1.3558051121190606,0.0,-0.31163754446072767,0.0
2.7981557173882945,1.7713632570122286,4.576020198972925,4.41,-1.3543480263975334,0.0,-0.33986891493501153,0.0
2.7558302338961935,1.7713632570122286,4.565168780277965,4.41,-1.3521977793668514,0.0,-0.3660988988854579,0.0
2.7517525410487966,1.7713632570122286,4.564084067738952,4.41,-1.3519433297739503,0.0,-0.3687158582370083,0.0
2.730915412844403,1.7713632570122286,4.558406052445687,4.41,-1.3504874191637222,0.0,-0.3824045386984769,0.0
2.7008529120185814,1.7713632570122286,4.549848793389655,4.41,-1.3479249712177643,0.0,-0.4030070851946707,0.0
2.6500900729947703,1.7713632570122286,4.534340063951705,4.41,-1.3421746539921398,0.0,-0.44029617591082026,0.0
2.5862259891155577,1.7713632570122286,4.51271048845925,4.41,-1.3318288923616157,0.0,-0.4922627736619092,0.0
2.558983808691268,1.7713632570122286,4.502687271753415,4.41,-1.326136316639133,0.0,-0.5163362241844579,0.0
2.5515336556343575,1.7713632570122286,4.499857487419031,4.41,-1.324427876910076,0.0,-0.5231310198527056,0.0
2.54821087854848,1.7713632570122286,4.498581089092654,4.41,-1.3236421514411907,0.0,-0.5261959829682078,0.0
2.5239194969643557,1.7713632570122286,4.489006694573679,4.41,-1.3174622772020217,0.0,-0.5491781828470169,0.0
2.501017284262047,1.7713632570122286,4.479566591511943,4.41,-1.310655307940681,0.0,-0.5717257596818068,0.0
2.475292830449993,1.7713632570122286,4.468434926066556,4.41,-1.2767243925022587,0.0,-0.5871421888383929,0.0
2.4322944940771976,1.7713632570122286,4.448490309929899,4.41,-1.216143532826023,0.0,-0.6126027249413503,0.0
2.421622337874913,1.7713632570122286,4.4432674929037645,4.41,-1.2004415015467627,0.0,-0.6188546128257248,0.0
2.3931548735358867,1.7713632570122286,4.428722111143147,4.41,-1.1570622403602049,0.0,-0.6353529858000426,0.0
2.3735708736438204,1.7713632570122286,4.418180009662871,4.41,-1.1263012621032995,0.0,-0.6466416822962542,0.0
2.3497075214083623,1.7713632570122286,4.404701806509502,4.41,-1.089399838018383,0.0,-0.6611757739682874,0.0
2.3130645510451253,1.7713632570122286,4.382519112607526,4.41,-1.0347706827424432,0.0,-0.6858553185007739,0.0
2.30579714912246,1.7713632570122286,4.377885124623405,4.41,-1.0243338488369143,0.0,-0.6911971481608643,0.0
2.2823473082695256,1.7713632570122286,4.362373949212885,4.41,-0.9918379674533193,0.0,-0.7096898394613598,0.0
2.254859301339351,1.7713632570122286,4.343012835191285,4.41,-0.956826557841444,0.0,-0.734588604724416,0.0
2.2428064043132308,1.7713632570122286,4.334095825088689,4.41,-0.9380182388574095,0.0,-0.7433121741482249,0.0
2.223772114420837,1.7713632570122286,4.319430554428424,4.41,-0.8987900552161513,0.0,-0.7496947947666589,0.0
2.206468893811534,1.7713632570122286,4.3054565665765825,4.41,-0.8621660420452883,0.0,-0.753931137212116,0.0
2.185464967913853,1.7713632570122286,4.287628216711592,4.41,-0.8166668771280619,0.0,-0.756589556514238,0.0
2.167634035384157,1.7713632570122286,4.2717094772164055,4.41,-0.7773824921939112,0.0,-0.7562175252471033,0.0
2.1181618573683068,1.7713632570122286,4.223685568513039,4.41,-0.6685039561852117,0.0,-0.7378792428281034,0.0
2.1171130666066746,1.7713632570122286,4.222605445491493,4.41,-0.6662594907672121,0.0,-0.737132469356418,0.0
2.1159681917716595,1.7713632570122286,4.221426184381524,4.41,-0.6638126094853815,0.0,-0.7363114799864917,0.0
2.111719468955563,1.7713632570122286,4.217028990143579,4.41,-0.6547847301581097,0.0,-0.7331013326120985,0.0
2.098559250215934,1.7713632570122286,4.203183658385638,4.41,-0.6274942845458397,0.0,-0.7212552342700047,0.0
2.08552248242104,1.7713632570122286,4.189184037840118,4.41,-0.6017591047491421,0.0,-0.7064660583856991,0.0
2.0285623586584496,1.7713632570122286,4.127279928855911,4.41,-0.5143182347807246,0.0,-0.5986002390479777,0.0
2.0262613302357124,1.7713632570122286,4.1248650692367175,4.41,-0.5118547115803799,0.0,-0.5925810951514456,0.0
2.025145288351716,1.7713632570122286,4.123700122937264,4.41,-0.5106963789910071,0.0,-0.5896052435983586,0.0
2.0244367415294104,1.7713632570122286,4.122960527935974,4.41,-0.5099566472907288,0.0,-0.5877187295071175,0.0
2.0236598476785956,1.7713632570122286,4.122154509255816,4.41,-0.5091773687160638,0.0,-0.5856058087567513,0.0
2.0155314927376455,1.7713632570122286,4.113834390479553,4.41,-0.5014998967339205,0.0,-0.562677999147221,0.0
2.0055230091746132,1.7713632570122286,4.103952923552169,4.41,-0.4933145673927331,0.0,-0.5321440739823877,0.0
1.9934364865049947,1.7713632570122286,4.0926726201460895,4.41,-0.4848532451182266,0.0,-0.49199447456281775,0.0
1.9855789865093585,1.7713632570122286,4.0857805723272405,4.41,-0.4798002688670015,0.0,-0.4641298548570744,0.0
1.9756140690052568,1.7713632570122286,4.077597543812077,4.41,-0.4733519412573195,0.0,-0.42705143006231927,0.0
1.9641734789893106,1.7713632570122286,4.0690149265575295,4.41,-0.4649916757308214,0.0,-0.3826405189673844,0.0
1.9329194676825192,1.7713632570122286,4.050259591791568,4.41,-0.4278201970584008,0.0,-0.25827175114293355,0.0
1.9297858558445438,1.7713632570122286,4.0487568414996415,4.41,-0.4223180017837868,0.0,-0.2461590023571441,0.0
1.9280834623777576,1.7713632570122286,4.047969314289426,4.41,-0.41915874775207146,0.0,-0.2396426417127207,0.0
1.9270557374540953,1.7713632570122286,4.047498734902163,4.41,-0.41720068252122466,0.0,-0.23574058000822448,0.0
1.9185465657188352,1.7713632570122286,4.043900320644915,4.41,-0.3991398492962775,0.0,-0.20420289446232395,0.0
1.9118764901638732,1.7713632570122286,4.041406004204892,4.41,-0.3825766850463008,0.0,-0.1806885629941118,0.0
1.9031251373471652,1.7713632570122286,4.038552906564713,4.41,-0.3572732370109338,0.0,-0.1517741799853958,0.0
1.8971840463086296,1.7713632570122286,4.036876212698405,4.41,-0.3375152759898219,0.0,-0.13355901931508984,0.0
1.8898880521060653,1.7713632570122286,4.035083482510813,4.41,-0.3100487905911143,0.0,-0.11291236205748911,0.0
1.8838343067784238,1.7713632570122286,4.033821162245136,4.41,-0.2839704843341668,0.0,-0.0972936378284868,0.0
1.8781580433330123,1.7713632570122286,4.0328062020173485,4.41,-0.25626123007315904,0.0,-0.08395749649943349,0.0
1.8725694343494466,1.7713632570122286,4.031959535369882,4.41,-0.22504240088644029,0.0,-0.07210674961683104,0.0
1.86890470097658,1.7713632570122286,4.031487173590909,4.41,-0.20156447545923104,0.0,-0.06501772696377855,0.0
1.8647651936122793,1.7713632570122286,4.031028333602274,4.41,-0.1709091164049657,0.0,-0.0576479869436269,0.0
1.8614554777727763,1.7713632570122286,4.030716626949028,4.41,-0.1417327666591175,0.0,-0.0522223191127618,0.0
1.8590269697214397,1.7713632570122286,4.0305247299229165,4.41,-0.11412260135261494,0.0,-0.04830498721021269,0.0
1.8536532577297893,1.7713632570122286,4.030094960999836,4.41,0.11022386932444317,0.0,-0.03533929900871225,0.0
1.879700185295338,1.7713632570122286,4.028280872079981,4.41,0.3068275028356583,0.0,-0.07915307269302829,0.0
1.8806426735736055,1.7713632570122286,4.028142730961213,4.41,0.311470688450532,0.0,-0.08151671451910328,0.0
1.8855411753093305,1.7713632570122286,4.02730583842192,4.41,0.33387987166865535,0.0,-0.09418328428712278,0.0
1.8892987048483436,1.7713632570122286,4.026570954113634,4.41,0.3497928176301558,0.0,-0.10440563190846971,0.0
1.8901668804101703,1.7713632570122286,4.026383539334795,4.41,0.35327649566217567,0.0,-0.10679984215338167,0.0
1.8913182686404437,1.7713632570122286,4.026134986876027,4.41,0.3578732088175233,0.0,-0.11002796779984818,0.0
1.896919655381462,1.7713632570122286,4.024830352699594,4.41,0.37914798505632963,0.0,-0.12620695501222956,0.0
1.9112108655469673,1.7713632570122286,4.020681301970712,4.41,0.42577864639778346,0.0,-0.1697722274523345,0.0
1.9363988043653855,1.7713632570122286,4.0107852649144995,4.41,0.48925784922983684,0.0,-0.2507831416778415,0.0
1.9386843103685991,1.7713632570122286,4.009724123518668,4.41,0.4941159443637073,0.0,-0.2581905959412894,0.0
1.942430215501174,1.7713632570122286,4.007942850910257,4.41,0.501831075905692,0.0,-0.27037730252134595,0.0
1.9449229218473771,1.7713632570122286,4.006728919580082,4.41,0.5068001132583945,0.0,-0.27851369194031994,0.0
1.9463687208628255,1.7713632570122286,4.00599883672535,4.41,0.5096125885290427,0.0,-0.2831780572052549,0.0
1.9478469324920724,1.7713632570122286,4.0052523865240115,4.41,0.5124514987912773,0.0,-0.2879838676768636,0.0
1.9531863952634634,1.7713632570122286,4.002470997725485,4.41,0.5223525339420532,0.0,-0.3053001961649554,0.0
1.9544585651606783,1.7713632570122286,4.001781601410582,4.41,0.5246313964622011,0.0,-0.3093851953805287,0.0
1.955272996405442,1.7713632570122286,4.001340256351159,4.41,0.5260767356038909,0.0,-0.3120132056334879,0.0
1.9565360721572453,1.7713632570122286,4.0006557882068945,4.41,0.528297192599683,0.0,-0.316108610610808,0.0
1.9608706679500532,1.7713632570122286,3.998236919514388,4.41,0.535711480655793,0.0,-0.3300605309408526,0.0
1.963325142505064,1.7713632570122286,3.9968225254117553,4.41,0.5397783210473278,0.0,-0.3378998952909945,0.0
1.9702827007003842,1.7713632570122286,3.992695190828284,4.41,0.5508311119021395,0.0,-0.36008532207965405,0.0
1.9713779474480269,1.7713632570122286,3.992024144132467,4.41,0.5525114773781119,0.0,-0.36354907569263606,0.0
1.972304001114557,1.7713632570122286,3.991456760340265,4.41,0.5539190486541514,0.0,-0.3664888778616495,0.0
1.9732364194110992,1.7713632570122286,3.9908854770030984,4.41,0.5553240115284159,0.0,-0.36945913678936426,0.0
1.9851528061833326,1.7713632570122286,3.983196121995098,4.41,0.5724085625975751,0.0,-0.4067705658549999,0.0
1.9953625797512973,1.7713632570122286,3.9761593940411086,4.41,0.585895596044897,0.0,-0.4381721946697971,0.0
2.007047584132714,1.7713632570122286,3.9676281639905233,4.41,0.6002609944199595,0.0,-0.47345705856808146,0.0
2.018599486076139,1.7713632570122286,3.9587053678957855,4.41,0.6135532061903989,0.0,-0.5075976401505831,0.0
2.030343955138325,1.7713632570122286,3.9491584827688326,4.41,0.6263216807077534,0.0,-0.5415461750723966,0.0
2.0458070778787376,1.7713632570122286,3.935907000696647,4.41,0.642220735871899,0.0,-0.585123757727699,0.0
2.055882431888334,1.7713632570122286,3.9268755413767478,4.41,0.6521428089402663,0.0,-0.6128401987611425,0.0
2.066855613667366,1.7713632570122286,3.916700464147645,4.41,0.662642853668654,0.0,-0.6424320502424783,0.0
2.079419478548841,1.7713632570122286,3.9046391677678667,4.41,0.6743535380766265,0.0,-0.675577865199284,0.0
2.092775663926603,1.7713632570122286,3.8913594103535427,4.41,0.6865306609347643,0.0,-0.7099717339003682,0.0
2.1094149756567315,1.7713632570122286,3.874204014235269,4.41,0.7014188647964796,0.0,-0.751670371967339,0.0
2.1218513491512208,1.7713632570122286,3.860967332349994,4.41,0.7124149378934589,0.0,-0.7820296929850589,0.0
2.13298859003102,1.7713632570122286,3.848824640181846,4.41,0.7222198950167591,0.0,-0.8086280279329673,0.0
2.146115556695291,1.7713632570122286,3.8341973314701674,4.41,0.7337396401694196,0.0,-0.83932515728087,0.0
2.1601870709187287,1.7713632570122286,3.8181588315589607,4.41,0.7460937409780033,0.0,-0.8714503282721544,0.0
2.177847681849314,1.7713632570122286,3.7975443948296164,4.41,0.7616709824797803,0.0,-0.9106491168789969,0.0
2.1901308507986674,1.7713632570122286,3.7829154200521735,4.41,0.7725850768286978,0.0,-0.9371951045619916,0.0
2.204464999244156,1.7713632570122286,3.7655709219312774,4.41,0.7854301478059429,0.0,-0.967452840337998,0.0
2.2189381310062557,1.7713632570122286,3.7477862845305223,4.41,0.7985460851248164,0.0,-0.9972276655069967,0.0
2.238784818362996,1.7713632570122286,3.7229983611301973,4.41,0.8168311644651112,0.0,-1.0367825103815222,0.0
2.2537693315526446,1.7713632570122286,3.7040190382799776,4.41,0.8308899004562382,0.0,-1.0656989743136378,0.0
2.2715003412152166,1.7713632570122286,3.6813093667145345,4.41,0.8478479707097675,0.0,-1.0988615671403639,0.0
2.2823129243512716,1.7713632570122286,3.6673468899438415,4.41,0.858372240603937,0.0,-1.1185333299536697,0.0
2.2980150466500024,1.7713632570122286,3.6469373543845047,4.41,0.8739384302935919,0.0,-1.1463267563738058,0.0
2.3195144966402452,1.7713632570122286,3.618795229478269,4.41,0.8958123067570634,0.0,-1.182938896264912,0.0
2.336346540838203,1.7713632570122286,3.5966456585250106,4.41,0.9134431801079866,0.0,-1.2103987630688215,0.0
2.347797703495057,1.7713632570122286,3.5815397667094055,4.41,0.9257031317782926,0.0,-1.2284824490622144,0.0
2.3657863030892576,1.7713632570122286,3.557778406081489,4.41,0.9454322293587902,0.0,-1.2558827031894326,0.0
2.4133874659310015,1.7713632570122286,3.4950072099576923,4.41,0.972544002066564,0.0,-1.2851975540758966,0.0
2.4315158030204778,1.7713632570122286,3.471258568277039,4.41,0.977366451387357,0.0,-1.2852762566989406,0.0
2.4434090109228124,1.7713632570122286,3.455758073458351,4.41,0.9810796592389961,0.0,-1.284891439417154,0.0
2.4451360976863596,1.7713632570122286,3.45351176684738,4.41,0.9816464941586595,0.0,-1.2848131565674532,0.0
2.4574973146161794,1.7713632570122286,3.4374950920476532,4.41,0.9860310855544634,0.0,-1.2839875302446944,0.0
2.4753152123473035,1.7713632570122286,3.4145790367495112,4.41,0.9931653429430788,0.0,-1.2821220111932652,0.0
2.500152807954335,1.7713632570122286,3.3830390031490505,4.41,0.9870504293364925,0.0,-1.2557806849871083,0.0
2.5171323352250785,1.7713632570122286,3.3617940093917644,4.41,0.9784325551232314,0.0,-1.2303301236838924,0.0
2.535238812759895,1.7713632570122286,3.3394621565810882,4.41,0.9696939745285376,0.0,-1.2022659166734686,0.0
2.54855121054616,1.7713632570122286,3.323281311311405,4.41,0.9635527093825572,0.0,-1.1810133350177694,0.0
2.565136567488275,1.7713632570122286,3.3034251910349477,4.41,0.9562006407000625,0.0,-1.1538160044059187,0.0
2.5824679760316376,1.7713632570122286,3.2830625389740185,4.41,0.9488388871029259,0.0,-1.1245410325921021,0.0
2.604365295709639,1.7713632570122286,3.2579604902726227,4.41,0.9399719580485575,0.0,-1.0862630430979427,0.0
2.6188027842551103,1.7713632570122286,3.241815925336497,4.41,0.9343463637469065,0.0,-1.0602387680194054,0.0
2.6366199407358915,1.7713632570122286,3.222369339214693,4.41,0.9276053567596309,0.0,-1.0272413559674265,0.0
2.6521011005599404,1.7713632570122286,3.2059310535885146,4.41,0.9219020999907395,0.0,-0.9977491100990545,0.0
2.671341010274131,1.7713632570122286,3.18612615577784,4.41,0.9149443454286473,0.0,-0.9600181761919692,0.0
2.6912714304551275,1.7713632570122286,3.166387461007095,4.41,0.9078127647671173,0.0,-0.9196236769333496,0.0
2.701096017817598,1.7713632570122286,3.15696307350807,4.41,0.9042938570421031,0.0,-0.899205794541701,0.0
2.7451966474898652,1.7713632570122286,3.1173312181477395,4.41,0.887984821837118,0.0,-0.8032228632561697,0.0
2.747052600243153,1.7713632570122286,3.1157609221150944,4.41,0.8872588162050831,0.0,-0.7990309236671226,0.0
2.753707151894151,1.7713632570122286,3.11021744379009,4.41,0.8846473225440428,0.0,-0.7838447988845751,0.0
2.7679210046708325,1.7713632570122286,3.0987413669384725,4.41,0.8788392011420202,0.0,-0.7508464461067343,0.0
2.781126528394858,1.7713632570122286,3.0885465192139088,4.41,0.8731116608057733,0.0,-0.7194676494040325,0.0
2.7954166502867692,1.7713632570122286,3.078045627593359,4.41,0.8664651282372543,0.0,-0.6846970836594186,0.0
2.8122946232103483,1.7713632570122286,3.0663826136328396,4.41,0.8578511220565004,0.0,-0.6425213073483711,0.0
2.828180677181721,1.7713632570122286,3.056148036817913,4.41,0.848762556691711,0.0,-0.6017806180605476,0.0
2.8409617298071144,1.7713632570122286,3.0484704806206615,4.41,0.8406133227519857,0.0,-0.5682428708953632,0.0
2.8549290492109316,1.7713632570122286,3.040651503404233,4.41,0.8306559800436497,0.0,-0.5309009230833656,0.0
2.884905907206806,1.7713632570122286,3.0259899664801817,4.41,0.8045746346235398,0.0,-0.44861221440035726,0.0
2.901194808949958,1.7713632570122286,3.0192792366620536,4.41,0.7881926374518355,0.0,-0.4035366269496957,0.0
2.9047398603765235,1.7713632570122286,3.0179501004697884,4.41,0.7848005760075571,0.0,-0.39385076591620694,0.0
2.91654517365793,1.7713632570122286,3.013817643616902,4.41,0.7738039370536237,0.0,-0.36199179854830843,0.0
2.9250325502114105,1.7713632570122286,3.011157583293508,4.41,0.7663112485435216,0.0,-0.33940740749471443,0.0
2.9365669118838147,1.7713632570122286,3.0079760078674465,4.41,0.7567394317610194,0.0,-0.3090965084978239,0.0
2.949364576020089,1.7713632570122286,3.0050185548662736,4.41,0.74687537745479,0.0,-0.275952422183681,0.0
2.9641426065673184,1.7713632570122286,3.0023973136797864,4.41,0.7366342247656152,0.0,-0.23816801179605418,0.0
2.978253176378504,1.7713632570122286,3.0007052710668365,4.41,0.7267061390065478,0.0,-0.20230767378121162,0.0
2.9865421878082787,1.7713632570122286,3.000111430435999,4.41,0.7480525709895082,0.0,-0.18835818167201143,0.0
2.998894182991937,1.7713632570122286,2.999449250099873,4.41,0.7791018481206924,0.0,-0.17459807259660265,0.0
3.012780146696019,1.7713632570122286,2.9987346622860085,4.41,0.8114061621863188,0.0,-0.17653121554878642,0.0
3.0263663731379893,1.7713632570122286,2.998030503025352,4.41,0.8418088356967457,0.0,-0.17837738207174095,0.0
3.0458018640829563,1.7713632570122286,2.9970138488245763,4.41,0.8832735219127293,0.0,-0.1809365301831416,0.0
3.061913548802929,1.7713632570122286,2.9961634102718793,4.41,0.9161470353540095,0.0,-0.18299756843287643,0.0
3.072651990870604,1.7713632570122286,2.9955930230185306,4.41,0.9374113743378022,0.0,-0.1843451157659204,0.0
3.0895974047918755,1.7713632570122286,2.9946867265744266,4.41,0.9699151700213164,0.0,-0.18642534309683687,0.0
3.1200277140561514,1.7713632570122286,2.993042525608576,4.41,1.025669579903904,0.0,-0.1900457321376528,0.0
3.143220909778143,1.7713632570122286,2.9917753155911786,4.41,1.0661214565336385,0.0,-0.19270713047172644,0.0
3.145703269207673,1.7713632570122286,2.9916391284959376,4.41,1.0703735423472864,0.0,-0.19298845540650947,0.0
3.165052640791615,1.7713632570122286,2.9905726921776696,4.41,1.1028600299358904,0.0,-0.19514446503997107,0.0
3.1813536659684005,1.7713632570122286,2.9896685308545377,4.41,1.1294747602343231,0.0,-0.19691856576682368,0.0
3.2123822477024837,1.7713632570122286,2.987934802390358,4.41,1.1785078687403063,0.0,-0.20019872970493002,0.0
3.2490142445257573,1.7713632570122286,2.985868223388271,4.41,1.2338812290967136,0.0,-0.20390244769513174,0.0
3.263795617781141,1.7713632570122286,2.9850289723267953,4.41,1.2555318222833436,0.0,-0.2053446302629262,0.0
3.2672868652771805,1.7713632570122286,2.9848304269141606,4.41,1.2606030359053575,0.0,-0.20568204678946472,0.0
3.2873126187901605,1.7713632570122286,2.9836883685733637,4.41,1.2892563517184756,0.0,-0.20757906814424074,0.0
3.3171075552524867,1.7713632570122286,2.9819814961884976,4.41,1.330782652130901,0.0,-0.2102991124787098,0.0
3.337087397433736,1.7713632570122286,2.980832592641687,4.41,1.3579445641492425,0.0,-0.21205278824390428,0.0
3.3588083349042805,1.7713632570122286,2.9795803767940314,4.41,1.3868809250853156,0.0,-0.21389123038202268,0.0
3.384430484111449,1.7713632570122286,2.978100141961679,4.41,1.4202922414398105,0.0,-0.21596821777086528,0.0
3.4071200371161634,1.7713632570122286,2.97678750771859,4.41,1.4492601778416898,0.0,-0.2177198825318884,0.0
3.44830206023419,1.7713632570122286,2.974404040436724,4.41,1.5004808833659782,0.0,-0.22067870314448843,0.0
3.461733936377644,1.7713632570122286,2.973627165430675,4.41,1.51684203517524,0.0,-0.2215806267993934,0.0
3.5053493229155825,1.7713632570122286,2.9711102289402813,4.41,1.5688378671777579,0.0,-0.22426804483700383,0.0
3.522396180397332,1.7713632570122286,2.9701300744760557,4.41,1.5887293297972462,0.0,-0.22521476110391558,0.0
3.5442734363661392,1.7713632570122286,2.968876378721653,4.41,1.6139211823823891,0.0,-0.22633757522002018,0.0
3.577828278985402,1.7713632570122286,2.966964940448797,4.41,1.6518761307721261,0.0,-0.22784861163215023,0.0
3.6041495219924515,1.7713632570122286,2.965477727127317,4.41,1.6801133565091897,0.0,-0.22878542524319118,0.0
3.6355547373300214,1.7713632570122286,2.9637208858192636,4.41,1.6840982155446373,0.0,-0.22803900620657597,0.0
3.663188227831615,1.7713632570122286,2.9621937537625973,4.41,1.6866035142204103,0.0,-0.22715726298180466,0.0
3.6919577128192156,1.7713632570122286,2.960626107503247,4.41,1.6656164082005722,0.0,-0.22477657756500258,0.0
3.7273412992851647,1.7713632570122286,2.958734492619659,4.41,1.632832913822373,0.0,-0.22126185770443396,0.0
3.751928669679172,1.7713632570122286,2.9574475755218304,4.41,1.6095052401943626,0.0,-0.2186521654955442,0.0
4.026217018478542,1.7713632570122286,2.9457552324345615,4.41,1.3085090187868338,0.0,-0.17808345525928854,0.0
4.037907663078282,1.7713632570122286,2.945429234136551,4.41,1.2934244488193938,0.0,-0.1757556692316004,0.0
4.0452851219683765,1.7713632570122286,2.945234453437362,4.41,1.2837758254863991,0.0,-0.17425377959759633,0.0
4.049597470571893,1.7713632570122286,2.9451247380015686,4.41,1.2780873783844873,0.0,-0.17336337007394276,0.0
4.058415542793635,1.7713632570122286,2.944909921053254,4.41,1.2663442353845502,0.0,-0.1715149996893559,0.0
4.063437966207411,1.7713632570122286,2.944793988728584,4.41,1.259581591512875,0.0,-0.17044227689994468,0.0
4.068380441101241,1.7713632570122286,2.944684163764659,4.41,1.2528775288919674,0.0,-0.16937465157778805,0.0
4.076550336075706,1.7713632570122286,2.9445120941686946,4.41,1.2416872111354311,0.0,-0.16758380609847284,0.0
4.084908014451373,1.7713632570122286,2.944350023671603,4.41,1.2300812684443336,0.0,-0.16570983735900924,0.0
4.185480581917849,1.7713632570122286,2.9437440129486956,4.41,1.075702185704392,0.0,-0.1394545141829443,0.0
4.201126223046328,1.7713632570122286,2.9439418373736124,4.41,1.0485924842822634,0.0,-0.1345912811572476,0.0
4.212764397625545,1.7713632570122286,2.944159207274339,4.41,1.0277040941313584,0.0,-0.1307835702731893,0.0
4.214445119457053,1.7713632570122286,2.9441951144943848,4.41,1.0246410654314175,0.0,-0.13022456778646596,0.0
4.216904385494152,1.7713632570122286,2.9442513274627635,4.41,1.020122072945135,0.0,-0.12939244244743964,0.0
4.222648359922049,1.7713632570122286,2.9443935502842216,4.41,1.0094557520634302,0.0,-0.12742386866095556,0.0
4.22572291247472,1.7713632570122286,2.9444763797546694,4.41,1.0036782562755877,0.0,-0.12635389232751212,0.0
4.2273960377939845,1.7713632570122286,2.944523952164265,4.41,1.0005089956835258,0.0,-0.12576371916749707,0.0
4.23098160008603,1.7713632570122286,2.9446306426784696,4.41,0.9936690837136986,0.0,-0.12448814851096074,0.0
4.238489503500413,1.7713632570122286,2.94487678439681,4.41,0.979116820468243,0.0,-0.12176204546073066,0.0
4.243241651084769,1.7713632570122286,2.9450509218336633,4.41,0.9697214560931986,0.0,-0.11998522383309375,0.0
4.254733553980422,1.7713632570122286,2.9455313323555514,4.41,0.9464058768051646,0.0,-0.11553859988205532,0.0
4.2610821642448045,1.7713632570122286,2.94583734941152,4.41,0.9331196795088086,0.0,-0.11297165607263038,0.0
4.263264182995258,1.7713632570122286,2.9459480983396875,4.41,0.9284972473073079,0.0,-0.1120810067376545,0.0
4.265013885455884,1.7713632570122286,2.9460415528194823,4.41,0.924744963647065,0.0,-0.11134598571987886,0.0
4.271308272277172,1.7713632570122286,2.946393400653043,4.41,0.9110894200880302,0.0,-0.10868219366239791,0.0
4.282540622470761,1.7713632570122286,2.947109719281432,4.41,0.885844266773548,0.0,-0.10368473649507322,0.0
4.294717377560563,1.7713632570122286,2.948025381249014,4.41,0.8570992027839366,0.0,-0.09790643376566849,0.0
4.307007081260247,1.7713632570122286,2.949127071377989,4.41,0.8263337688159014,0.0,-0.09158366906972246,0.0
4.318357156007723,1.7713632570122286,2.950328157784795,4.41,0.7961035122989031,0.0,-0.08525768134388553,0.0
4.329958084159029,1.7713632570122286,2.9517830676392802,4.41,0.7629482721511951,0.0,-0.07815023024784322,0.0
4.34316842571438,1.7713632570122286,2.9537860447313045,4.41,0.7217209512635596,0.0,-0.06909981913552361,0.0
4.347778916690243,1.7713632570122286,2.954597075551027,4.41,0.7061956792815729,0.0,-0.06559742473196002,0.0
4.356685702726698,1.7713632570122286,2.9563568981276016,4.41,0.6742054455325408,0.0,-0.05830504399058248,0.0
4.366154785038193,1.7713632570122286,2.9585919662152445,4.41,0.6363357246420156,0.0,-0.04946980138784125,0.0
4.373901878530031,1.7713632570122286,2.9607997203888123,4.41,0.6011678307881645,0.0,-0.041121042493058105,0.0
4.3806860751614245,1.7713632570122286,2.96312548948959,4.41,0.5657984220786163,0.0,-0.03273214791252045,0.0
4.385245621786964,1.7713632570122286,2.964975319868439,4.41,0.538487982636145,0.0,-0.026426845874788038,0.0
4.389859159356994,1.7713632570122286,2.9671891421464127,4.41,0.5063464196984271,0.0,-0.01940540429332728,0.0
4.39501816186196,1.7713632570122286,2.9702888988923317,4.41,0.4615576136544024,0.0,-0.011206769354363655,0.0
4.39788138563644,1.7713632570122286,2.9724838499783703,4.41,0.4295473653158445,0.0,-0.007345966280783822,0.0
4.403997210585578,1.7713632570122286,2.980457627465574,4.41,0.32626867272044546,0.0,-0.0019503397100362196,0.0
4.405069375484862,1.7713632570122286,2.987614944413548,4.41,0.25498641706716374,0.0,0.01674477151453646,0.0
4.405040501343338,1.7713632570122286,2.9879144711232226,4.41,0.2520355012462405,0.0,0.017861795683447063,0.0
4.404989742862886,1.7713632570122286,2.9883999834797823,4.41,0.24718819771310105,0.0,0.01961183562385352,0.0
4.404939857482364,1.7713632570122286,2.988711768589023,4.41,0.244120897917255,0.0,0.020908301268357327,0.0
4.4046429539496215,1.7713632570122286,2.990250580245996,4.41,0.2299720195470901,0.0,0.020363625493089788,0.0
4.40376129638676,1.7713632570122286,2.9930829733940896,4.41,0.21691395367727,0.0,-0.011189614183030022,0.0
4.40273405024677,1.7713632570122286,2.995413745939527,4.41,0.2176740535975551,0.0,-0.04434041878126137,0.0
4.401243780894507,1.7713632570122286,2.998088839692512,4.41,0.24463385896144185,0.0,-0.10998552682917341,0.0
4.401075337632816,1.7713632570122286,2.998361623069324,4.41,0.2518862217022775,0.0,-0.12268737959749054,0.0
4.401006070922605,1.7713632570122286,2.9984737961946983,4.41,0.2549323714138678,0.0,-0.12787305962506454,0.0
4.400827708160565,1.7713632570122286,2.9987626435848433,4.41,0.2629464451148337,0.0,-0.14112373564151567,0.0
