1.773078212284127,1.7713632570122286,4.410118265880819,4.41,0.016694378787768367,0.0,0.0011512693330378429,0.0
1.7738233012429163,1.7713632570122286,4.410169648329939,4.41,0.02394751099036179,0.0,0.0016514561791300024,0.0
1.7743802762268266,1.7713632570122286,4.4102080581579655,4.41,0.029369431613641313,0.0,0.002025359935544456,0.0
1.7747150437194632,1.7713632570122286,4.41023114422501,4.41,0.03262825440598091,0.0,0.002250093229925469,0.0
1.7773200282258774,1.7713632570122286,4.410410787853168,4.41,0.05798669890827197,0.0,0.00399884949454497,0.0
1.7784781798380687,1.7713632570122286,4.410490655720734,4.41,0.06926082484286984,0.0,0.004776330083089613,0.0
1.779743409077126,1.7713632570122286,4.410577907821619,4.41,0.08157730709537903,0.0,0.005625693122499017,0.0
1.7834546339622266,1.7713632570122286,4.41083383944103,4.41,0.11770454318934188,0.0,0.008117081363484099,0.0
1.790375103817676,1.7713632570122286,4.411311085394059,4.41,0.18507244895887018,0.0,0.012762872915805521,0.0
1.7918448941551002,1.7713632570122286,4.411412444334274,4.41,0.1993802487211339,0.0,0.013749560189344891,0.0
1.7932028097879738,1.7713632570122286,4.411506088227518,4.41,0.21259899460243437,0.0,0.014661144678221712,0.0
1.7938546983803385,1.7713632570122286,4.411551043439958,4.41,0.2189448598659158,0.0,0.015098765039082184,0.0
1.7945463341877965,1.7713632570122286,4.411598739679804,4.41,0.22567764779460842,0.0,0.015563068165702588,0.0
1.796443578411672,1.7713632570122286,4.411729576479424,4.41,0.24414653397799058,0.0,0.016836710183091415,0.0
1.7972205336722171,1.7713632570122286,4.411783156476378,4.41,0.2517098714207989,0.0,0.01735828924655982,0.0
1.7992459283999274,1.7713632570122286,4.411922830726433,4.41,0.27142624964547013,0.0,0.01871796018114272,0.0
1.7998644087727098,1.7713632570122286,4.411965482058077,4.41,0.2774468997377619,0.0,0.019133153217333363,0.0
1.8003643327970256,1.7713632570122286,4.411999957566592,4.41,0.28231345291485704,0.0,0.019468758003927427,0.0
1.8018060259651598,1.7713632570122286,4.412099378883984,4.41,0.29634773837929823,0.0,0.020436583322360445,0.0
1.8033443459837784,1.7713632570122286,4.412205463733523,4.41,0.3113226461850256,0.0,0.021469275364453422,0.0
1.8051997871021253,1.7713632570122286,4.412333417728455,4.41,0.32938459646189494,0.0,0.022714854473024078,0.0
1.807698893251094,1.7713632570122286,4.412505759826708,4.41,0.35371235903703174,0.0,0.024392533370228998,0.0
1.8087503098848245,1.7713632570122286,4.412578267090503,4.41,0.3639474641939303,0.0,0.02509836153175368,0.0
1.8265034077049196,1.7713632570122286,4.413783884273037,4.41,0.4554106273430852,0.0,0.03119564791691891,0.0
1.8306955974647026,1.7713632570122286,4.414068066739866,4.41,0.4747853305943231,0.0,0.03246721265041373,0.0
1.833892953274787,1.7713632570122286,4.414284810855355,4.41,0.489562461143633,0.0,0.033434466432699844,0.0
1.8478908910431326,1.7713632570122286,4.415233710765301,4.41,0.5542580714177656,0.0,0.03764299348505814,0.0
1.8634811104125844,1.7713632570122286,4.416274209757415,4.41,0.6146749178874041,0.0,0.04147752177388186,0.0
1.869419034729102,1.7713632570122286,4.41666974063532,4.41,0.6371389055507544,0.0,0.0428892158812473,0.0
1.8744693367297778,1.7713632570122286,4.417006146132854,4.41,0.6562451952378751,0.0,0.044085219228612485,0.0
1.8906794866214067,1.7713632570122286,4.418083230919701,4.41,0.7165869100957305,0.0,0.04782638257357927,0.0
1.8922351006608968,1.7713632570122286,4.41818501280833,4.41,0.7217978417363888,0.0,0.04814275087340804,0.0
1.9009474314818227,1.7713632570122286,4.418755049760174,4.41,0.7509824480289121,0.0,0.04990818399990411,0.0
1.9079002168856911,1.7713632570122286,4.41920996184741,4.41,0.7742734064074575,0.0,0.0513092642459937,0.0
1.92531340738755,1.7713632570122286,4.420349285208697,4.41,0.8326072848318767,0.0,0.05478785023351689,0.0
1.9330922042084508,1.7713632570122286,4.4208510007861594,4.41,0.856978436295304,0.0,0.05620909999365231,0.0
1.9480518339620605,1.7713632570122286,4.421812036189023,4.41,0.9029559253532455,0.0,0.05885770499416187,0.0
2.0048012615886717,1.7713632570122286,4.42540921618555,4.41,1.069455030847631,0.0,0.06808689086545157,0.0
2.078079329395258,1.7713632570122286,4.429897846463338,4.41,1.2651491027469224,0.0,0.07806523354353916,0.0
2.264711656772055,1.7713632570122286,4.440546560354484,4.41,1.7092772277230877,0.0,0.09691942716685326,0.0
2.285223774041928,1.7713632570122286,4.4416411108495195,4.41,1.754652192864374,0.0,0.09851515839885522,0.0
2.2950019903641756,1.7713632570122286,4.44216282708749,4.41,1.7762808128478407,0.0,0.09926362082502278,0.0
2.3285237987857603,1.7713632570122286,4.443917860584843,4.41,1.8493171501008527,0.0,0.10166759304394342,0.0
2.337699965528965,1.7713632570122286,4.444396049302979,4.41,1.8692367459902195,0.0,0.10230324512089807,0.0
2.354195215395902,1.7713632570122286,4.445235428975973,4.41,1.9044427607658119,0.0,0.10337100692793096,0.0
2.357729817272722,1.7713632570122286,4.4454152912388345,4.41,1.9119867922086862,0.0,0.10359706597278555,0.0
2.3704244768774982,1.7713632570122286,4.44606127352548,4.41,1.9390817226513881,0.0,0.10440098933439076,0.0
2.3923949140205925,1.7713632570122286,4.447156087512035,4.41,1.9853518969227444,0.0,0.10570020936769349,0.0
2.4460371725108256,1.7713632570122286,4.449772903905851,4.41,2.096930796030808,0.0,0.10857357380660537,0.0
2.4514373834229364,1.7713632570122286,4.450027523601269,4.41,2.1079625133952256,0.0,0.10882913215630573,0.0
2.5430584409011967,1.7713632570122286,4.454235485860989,4.41,2.2692560680409772,0.0,0.11152083408378524,0.0
2.562779058138113,1.7713632570122286,4.455101166438121,4.41,2.2899514407299124,0.0,0.11136531086438803,0.0
2.6898735849622146,1.7713632570122286,4.460350405189607,4.41,2.417338300228682,0.0,0.10963539076717488,0.0
2.736199249841659,1.7713632570122286,4.4621079497294165,4.41,2.46376473959432,0.0,0.10878785906101446,0.0
2.8115786008715795,1.7713632570122286,4.464801643591079,4.41,2.539300665877271,0.0,0.10717718473796252,0.0
2.8677331058623645,1.7713632570122286,4.4666670813537825,4.41,2.595565597878963,0.0,0.1057802780924958,0.0
2.895332783932743,1.7713632570122286,4.467540581173922,4.41,2.623217488434367,0.0,0.10503321109222992,0.0
2.91918067884909,1.7713632570122286,4.468268447273405,4.41,2.6471094129829726,0.0,0.10435017125514524,0.0
2.9317885879373318,1.7713632570122286,4.468643872541853,4.41,2.6597401748775367,0.0,0.10397596607269771,0.0
2.9835189944671874,1.7713632570122286,4.470120911381363,4.41,2.7115611259255603,0.0,0.10235219155761874,0.0
2.9883486147138543,1.7713632570122286,4.470255672366105,4.41,2.7163989068079526,0.0,0.10219621070753594,0.0
2.994565356832198,1.7713632570122286,4.470423199007156,4.41,2.7226261352928214,0.0,0.10198714788486296,0.0
3.0068205257759466,1.7713632570122286,4.47074904315744,4.41,2.734901746437325,0.0,0.10156887135554356,0.0
3.017975083682774,1.7713632570122286,4.471045623927531,4.41,2.7460745896462413,0.0,0.10118815062044528,0.0
3.033419998856765,1.7713632570122286,4.471441868230359,4.41,2.7615444665850477,0.0,0.10064089057181003,0.0
3.040193336583378,1.7713632570122286,4.471613029824293,4.41,2.7683285905946473,0.0,0.10039724617982808,0.0
3.062052096045863,1.7713632570122286,4.472155744614382,4.41,2.790221471619139,0.0,0.09959748350543055,0.0
3.0716073564642232,1.7713632570122286,4.47238457279731,4.41,2.799791351772858,0.0,0.09923614070084515,0.0
3.0934922875248305,1.7713632570122286,4.472899835171494,4.41,2.821708974398315,0.0,0.09839619971381457,0.0
3.097556247756974,1.7713632570122286,4.472991771190249,4.41,2.825778905210862,0.0,0.09823499940249954,0.0
3.109226261973413,1.7713632570122286,4.4732557734404175,4.41,2.837465826935107,0.0,0.0977720931725026,0.0
3.113603642016822,1.7713632570122286,4.473354799727779,4.41,2.841849458050796,0.0,0.09759845662229272,0.0
3.1219985897136393,1.7713632570122286,4.473540359855945,4.41,2.850256293903538,0.0,0.09725938598671363,0.0
3.1361493821029724,1.7713632570122286,4.473841674897131,4.41,2.8644268088211415,0.0,0.09667183938995386,0.0
3.1425424329672906,1.7713632570122286,4.473977803131614,4.41,2.8708285971612035,0.0,0.0964063935432409,0.0
3.156047025914212,1.7713632570122286,4.474257887027803,4.41,2.884351355461547,0.0,0.0958352495303208,0.0
3.1618388722209323,1.7713632570122286,4.474373495675195,4.41,2.8901508814460586,0.0,0.09558400409654647,0.0
3.2081593202164425,1.7713632570122286,4.475263101083747,4.41,2.9365297783246214,0.0,0.09352586335392925,0.0
3.2168743938759157,1.7713632570122286,4.475420678104166,4.41,2.9452552725366137,0.0,0.09312496504078668,0.0
3.23015640980533,1.7713632570122286,4.475650262186309,4.41,2.9585528440113267,0.0,0.0924992583875596,0.0
3.2705819522934565,1.7713632570122286,4.476314040026464,4.41,2.999022952132498,0.0,0.09054606699100495,0.0
3.3714059753670034,1.7713632570122286,4.477652879859583,4.41,3.099939685671672,0.0,0.08523376247607642,0.0
3.4235584226985902,1.7713632570122286,4.478167670175649,4.41,3.152129165777402,0.0,0.08223875296596575,0.0
3.484456766965744,1.7713632570122286,4.478613854200458,4.41,3.2130607565290052,0.0,0.07852643210656189,0.0
3.8121413439305902,1.7713632570122286,4.478018377718793,4.41,3.5407164117510685,0.0,0.05441610959713866,0.0
3.904036548968111,1.7713632570122286,4.476908503098341,4.41,3.6325326067872705,0.0,0.04636499527911479,0.0
3.9204882631434206,1.7713632570122286,4.476666333703097,4.41,3.648966562011206,0.0,0.04486479120216399,0.0
3.9909614871779047,1.7713632570122286,4.475465286703872,4.41,3.719350740552219,0.0,0.03821812925095485,0.0
4.018206767831281,1.7713632570122286,4.474932174744912,4.41,3.746555836128702,0.0,0.03555631196057009,0.0
4.031751851028443,1.7713632570122286,4.474651205242324,4.41,3.7600797082097603,0.0,0.034211724154065364,0.0
4.063247333637561,1.7713632570122286,4.473963376330414,4.41,3.7915227020893143,0.0,0.03103932711864492,0.0
4.89599447912108,1.7713632570122286,4.435808860794763,4.41,4.621046870584866,0.0,-0.07782610915316898,0.0
5.159896082924094,1.7713632570122286,4.415312140865919,4.41,4.8831730180006385,0.0,-0.12137920135144839,0.0
5.2607481108374605,1.7713632570122286,4.406413480352749,4.41,4.983275890064537,0.0,-0.13882546316522437,0.0
5.305895096902753,1.7713632570122286,4.4022453563233706,4.41,5.028079173358602,0.0,-0.146737961705792,0.0
5.677521687726821,1.7713632570122286,4.363884141557564,4.41,5.396897597601029,0.0,-0.2125392231203914,0.0
5.8573080462002665,1.7713632570122286,4.34312669018333,4.41,5.575560496588082,0.0,-0.24306934912251732,0.0
5.958345426839793,1.7713632570122286,4.331008749640016,4.41,5.676122046813595,0.0,-0.25916457460647435,0.0
5.978721867363898,1.7713632570122286,4.32853542467299,4.41,5.696419911264233,0.0,-0.2622861507116588,0.0
6.006230814808913,1.7713632570122286,4.3251827479787,4.41,5.723833811109294,0.0,-0.2664198304617287,0.0
6.022829236165859,1.7713632570122286,4.323153539417196,4.41,5.740380804126616,0.0,-0.2688702062196433,0.0
6.033653398690706,1.7713632570122286,4.321828198103222,4.41,5.751173626072851,0.0,-0.2704517237139423,0.0
6.049637599115106,1.7713632570122286,4.319867547222915,4.41,5.767115778007956,0.0,-0.2727555037101543,0.0
6.081575072771569,1.7713632570122286,4.315940531663474,4.41,5.798983226796386,0.0,-0.2772524968031296,0.0
6.087050670911366,1.7713632570122286,4.315265910279695,4.41,5.804449331511282,0.0,-0.2780042527796758,0.0
6.098778975056494,1.7713632570122286,4.313820790665303,4.41,5.816157624809594,0.0,-0.27961185375965386,0.0
6.101894866523169,1.7713632570122286,4.313436498305414,4.41,5.8192691157034595,0.0,-0.28003185770096267,0.0
6.108443746868096,1.7713632570122286,4.312628804998604,4.41,5.825808744273859,0.0,-0.28091460811545543,0.0
6.12864997390812,1.7713632570122286,4.310135287747741,4.41,5.845991197344848,0.0,-0.2836008542907923,0.0
6.172310179279823,1.7713632570122286,4.304742465698872,4.41,5.889630091679218,0.0,-0.28916626468270734,0.0
6.181784164891301,1.7713632570122286,4.303572118476335,4.41,5.899104454760175,0.0,-0.29033355638309405,0.0
6.186049254471967,1.7713632570122286,4.303045319540386,4.41,5.903370789732752,0.0,-0.29085027381371015,0.0
6.206081109323645,1.7713632570122286,4.300571729664309,4.41,5.923412391239001,0.0,-0.29324494468050843,0.0
6.257315857915301,1.7713632570122286,4.29425643053302,4.41,5.974713418769056,0.0,-0.2990226658937294,0.0
6.2800320260287,1.7713632570122286,4.2914652893799685,4.41,5.997479097809062,0.0,-0.3014111849968625,0.0
6.410930321477633,1.7713632570122286,4.275577617513245,4.41,6.128905579333977,0.0,-0.31294629721270306,0.0
6.431772028027051,1.7713632570122286,4.273091183542696,4.41,6.1498699017009475,0.0,-0.31440681693959815,0.0
6.527529339478982,1.7713632570122286,4.26189674213158,4.41,6.24633100603023,0.0,-0.31959232626946216,0.0
6.62399432702951,1.7713632570122286,4.25109602698488,4.41,6.285926465561493,0.0,-0.3158345277982587,0.0
6.646767672147694,1.7713632570122286,4.248630636165107,4.41,6.2850560036139855,0.0,-0.3135425186141438,0.0
6.740180893341797,1.7713632570122286,4.238927741013341,4.41,6.276916534906438,0.0,-0.30284632380685444,0.0
6.746075000107632,1.7713632570122286,4.238338820665248,4.41,6.276138766868904,0.0,-0.30210944713200855,0.0
6.757665460380096,1.7713632570122286,4.2371910179048236,4.41,6.2744902882926805,0.0,-0.30063316234305504,0.0
6.865504386318056,1.7713632570122286,4.22711098890514,4.41,6.2518432267703465,0.0,-0.28573006018984715,0.0
6.955133375532928,1.7713632570122286,4.219663403420809,4.41,6.220283818512947,0.0,-0.27202160898476824,0.0
7.004763234796031,1.7713632570122286,4.215946160403856,4.41,6.196109962041952,0.0,-0.26408669675275814,0.0
7.156086864608935,1.7713632570122286,4.206607655369068,4.41,6.074219699227678,0.0,-0.23940468108585305,0.0
7.159086415408452,1.7713632570122286,4.206455037471168,4.41,6.070679593052942,0.0,-0.23891868941672645,0.0
7.179261198559934,1.7713632570122286,4.205458808971654,4.41,6.045312364462484,0.0,-0.23567692212297417,0.0
7.180937791818524,1.7713632570122286,4.2053786115856795,4.41,6.043059254863614,0.0,-0.2354087566565986,0.0
7.1999820700629025,1.7713632570122286,4.204503994921187,4.41,6.015191159963258,0.0,-0.2323430611785755,0.0
7.2040414596305435,1.7713632570122286,4.204324348012581,4.41,6.0087744272077535,0.0,-0.231692912286433,0.0
7.207715317341218,1.7713632570122286,4.204161762685556,4.41,6.002966431008124,0.0,-0.23111547889476014,0.0
7.215516407280539,1.7713632570122286,4.203828773695427,4.41,5.9895948072711445,0.0,-0.22986208508607078,0.0
7.2413599273048765,1.7713632570122286,4.202783958398143,4.41,5.939376081739612,0.0,-0.225755737441044,0.0
7.24363242109744,1.7713632570122286,4.202698951049626,4.41,5.9340708421697315,0.0,-0.2253796294914811,0.0
7.2489750270571935,1.7713632570122286,4.202499099781255,4.41,5.921597250849955,0.0,-0.2245162984955098,0.0
7.250728799440586,1.7713632570122286,4.20243349628403,4.41,5.917502337495513,0.0,-0.22423929189456684,0.0
7.251945886037,1.7713632570122286,4.202387968632947,4.41,5.914660451486342,0.0,-0.2240489113572529,0.0
7.255624549306393,1.7713632570122286,4.202251992372472,4.41,5.9057556255588475,0.0,-0.2234689507457875,0.0
7.258786366065594,1.7713632570122286,4.202141083475777,4.41,5.8969512205867005,0.0,-0.22293212688405398,0.0
7.275707400925534,1.7713632570122286,4.201561192368439,4.41,5.845739347958509,0.0,-0.22010315714985496,0.0
7.276817012606172,1.7713632570122286,4.2015248797913705,4.41,5.841867860533524,0.0,-0.21991072735234585,0.0
7.279514263622889,1.7713632570122286,4.201436610951804,4.41,5.832456737581346,0.0,-0.2194501912743438,0.0
7.282441849194249,1.7713632570122286,4.201340804302918,4.41,5.8222414876926845,0.0,-0.21896191196818252,0.0
7.295373552552911,1.7713632570122286,4.200942484491121,4.41,5.762866956409063,0.0,-0.21647845502449964,0.0
7.3071864635594155,1.7713632570122286,4.200601379966069,4.41,5.645385446452144,0.0,-0.2125969327369236,0.0
7.32039366109664,1.7713632570122286,4.200248040542398,4.41,5.413412016970162,0.0,-0.2062502239226222,0.0
7.315724980652131,1.7713632570122286,4.200368588239225,4.41,5.342832804094343,0.0,-0.204427832851491,0.0
7.315171281842958,1.7713632570122286,4.20038288502329,4.41,5.334462210607331,0.0,-0.20421169988245935,0.0
7.314905095482407,1.7713632570122286,4.200389900661263,4.41,5.330832697382848,0.0,-0.20411582102812764,0.0
7.310939695405392,1.7713632570122286,4.200504136077279,4.41,5.303673414550789,0.0,-0.2032162939455607,0.0
7.310175117263725,1.7713632570122286,4.200526162077278,4.41,5.2984368967256215,0.0,-0.20303864622746948,0.0
7.30283485952954,1.7713632570122286,4.200737620537872,4.41,5.248166400486633,0.0,-0.20126393978266643,0.0
7.301614302670465,1.7713632570122286,4.200772782392378,4.41,5.239807688013369,0.0,-0.20095668030266536,0.0
7.28608334517674,1.7713632570122286,4.2012614606904,4.41,5.152279505023086,0.0,-0.19729838791006868,0.0
7.282060878318525,1.7713632570122286,4.201397953081023,4.41,5.132245674542157,0.0,-0.1963540659228369,0.0
7.275859072484677,1.7713632570122286,4.201613471056393,4.41,5.102561481768363,0.0,-0.19488349258201246,0.0
7.274197634262378,1.7713632570122286,4.201671207433743,4.41,5.094609637705692,0.0,-0.19447971493627222,0.0
7.272676660571851,1.7713632570122286,4.201724062550326,4.41,5.087330236135135,0.0,-0.19410643710878447,0.0
7.266778409675321,1.7713632570122286,4.201938670462988,4.41,5.060565414984985,0.0,-0.19266857155381958,0.0
7.2522750752549,1.7713632570122286,4.2024939727386394,4.41,4.998582381761786,0.0,-0.18904538420310746,0.0
7.250753661586009,1.7713632570122286,4.2025558160624215,4.41,4.992469463646463,0.0,-0.18866107940598303,0.0
7.2491449414920375,1.7713632570122286,4.202621208269473,4.41,4.986005919371168,0.0,-0.1882517139770679,0.0
7.244876847847715,1.7713632570122286,4.20279470026746,4.41,4.968858324778681,0.0,-0.1871506477297956,0.0
7.24072731236018,1.7713632570122286,4.20296337304328,4.41,4.952188226186654,0.0,-0.1860593082261147,0.0
7.234523904677056,1.7713632570122286,4.203232424578001,4.41,4.928657544246405,0.0,-0.18443167634338084,0.0
7.224037610950853,1.7713632570122286,4.203693581096226,4.41,4.889338387986201,0.0,-0.1815976436886553,0.0
7.213914148416047,1.7713632570122286,4.20416431047568,4.41,4.853053378711176,0.0,-0.17880126828526569,0.0
7.189199445357117,1.7713632570122286,4.205395422348116,4.41,4.768717289912688,0.0,-0.17167553135114355,0.0
7.186370374331357,1.7713632570122286,4.205543380378684,4.41,4.75939165460752,0.0,-0.17083323551425622,0.0
7.175623902286966,1.7713632570122286,4.206121518340503,4.41,4.724592790277251,0.0,-0.16758673326613782,0.0
7.171446073738569,1.7713632570122286,4.206352050097931,4.41,4.7112888042570065,0.0,-0.16630417598289776,0.0
7.161455169656529,1.7713632570122286,4.2069179145519735,4.41,4.679966369844043,0.0,-0.163191127957322,0.0
7.149525377862067,1.7713632570122286,4.207617156397309,4.41,4.64333673105607,0.0,-0.1593888137212542,0.0
7.141796653534528,1.7713632570122286,4.208087839751102,4.41,4.620132974890021,0.0,-0.15688013218150348,0.0
7.140273843894889,1.7713632570122286,4.208180579654609,4.41,4.615561609290527,0.0,-0.1563803388495207,0.0
7.0866698825477386,1.7713632570122286,4.211770541141071,4.41,4.4625964749872455,0.0,-0.13792212107341084,0.0
7.083530603161566,1.7713632570122286,4.211997105730325,4.41,4.453987717966349,0.0,-0.13678846312248755,0.0
7.077777117447015,1.7713632570122286,4.212416239025217,4.41,4.438281627684551,0.0,-0.13469556586772047,0.0
7.005746656231078,1.7713632570122286,4.218230303227609,4.41,4.250907048803307,0.0,-0.10699207051798515,0.0
6.958068510525125,1.7713632570122286,4.222620896268837,4.41,4.1341065933269,0.0,-0.08721588509462991,0.0
6.953145023970481,1.7713632570122286,4.223096518547561,4.41,4.1222957779278175,0.0,-0.08511244564195317,0.0
6.9300219895384245,1.7713632570122286,4.225399607007287,4.41,4.067528620350048,0.0,-0.07509216058494894,0.0
6.9258059021933365,1.7713632570122286,4.225828974796748,4.41,4.057636613597533,0.0,-0.07323955972977542,0.0
6.922611069166296,1.7713632570122286,4.226154337694203,4.41,4.050141758571744,0.0,-0.07182984286755943,0.0
6.91934363811427,1.7713632570122286,4.2264940145497745,4.41,4.042539078837585,0.0,-0.07038535806237797,0.0
6.911736008749169,1.7713632570122286,4.227288487649765,4.41,4.0248731741967685,0.0,-0.06700337370061044,0.0
6.909224946624864,1.7713632570122286,4.227550720628584,4.41,4.019043269406348,0.0,-0.06588092579737743,0.0
6.89827548679552,1.7713632570122286,4.22871895020718,4.41,3.993838649524306,0.0,-0.06096026558124734,0.0
6.881167369202163,1.7713632570122286,4.230581869565275,4.41,3.9547854222374013,0.0,-0.053173009455684817,0.0
6.8611500212895455,1.7713632570122286,4.2328335725998745,4.41,3.909683988186731,0.0,-0.04391865298169287,0.0
6.851448277576123,1.7713632570122286,4.2339461343052935,4.41,3.8879960410307666,0.0,-0.039377291033767525,0.0
6.843032267091822,1.7713632570122286,4.234931579255711,4.41,3.8693345305354967,0.0,-0.03541260541468677,0.0
6.8299293437433155,1.7713632570122286,4.236485211663821,4.41,3.840426290934398,0.0,-0.02918735129496386,0.0
6.718900129387095,1.7713632570122286,4.250843766066815,4.41,3.603521075625805,0.0,0.025771667932851017,0.0
6.705620864368328,1.7713632570122286,4.252700752327814,4.41,3.5760421023023508,0.0,0.03257781574684335,0.0
6.595666326636758,1.7713632570122286,4.269166531326839,4.41,3.354307097752404,0.0,0.09040638400349252,0.0
5.410170613346412,1.7713632570122286,4.5168554349650964,4.41,2.1722290325585627,0.0,0.4217332211480702,0.0
4.835260423466414,1.7713632570122286,4.623555792027857,4.41,1.5805916783919174,0.0,0.43672574763200345,0.0
4.72053899050482,1.7713632570122286,4.639705458086566,4.41,1.4622830366680426,0.0,0.4275693207038214,0.0
4.71581408880025,1.7713632570122286,4.640326157919462,4.41,1.4574149824425338,0.0,0.42711127616102196,0.0
4.712012348185366,1.7713632570122286,4.640822468605587,4.41,1.453498329360164,0.0,0.42673727570063913,0.0
4.698881651949448,1.7713632570122286,4.642524068553871,4.41,1.4399735156216813,0.0,0.4254236072317008,0.0
4.6759460104259105,1.7713632570122286,4.64543387611177,4.41,1.4163587142444158,0.0,0.42302174682497545,0.0
4.016293704832373,1.7713632570122286,4.691072069724563,4.41,0.7450623245010157,0.0,0.3009620835796168,0.0
3.921426378397427,1.7713632570122286,4.691405969468916,4.41,0.6500712572295972,0.0,0.2764655780870671,0.0
3.8120965929324506,1.7713632570122286,4.689849928323881,4.41,0.5410606289838054,0.0,0.2485166860722131,0.0
3.77254116287613,1.7713632570122286,4.688834810572556,4.41,0.5017179323331125,0.0,0.23858822339990393,0.0
3.0807749942617297,1.7713632570122286,4.631562255616363,4.41,-0.17376168437300743,0.0,-0.0024837249157163566,0.0
3.049583255920588,1.7713632570122286,4.626658088247355,4.41,-0.20306239808695592,0.0,-0.01956735566547438,0.0
2.9780606058069266,1.7713632570122286,4.614371600843728,4.41,-0.26950272729376334,0.0,-0.06177372666818176,0.0
2.968686482385357,1.7713632570122286,4.61264117710165,4.41,-0.27812134428831237,0.0,-0.06766110157273764,0.0
2.9236008743366617,1.7713632570122286,4.603963572780044,4.41,-0.31926391604519755,0.0,-0.0970402713368782,0.0
2.8700600230490796,1.7713632570122286,4.592756124693362,4.41,-0.3673309344182525,0.0,-0.13467541359217405,0.0
2.8536968014229167,1.7713632570122286,4.589119471190441,4.41,-0.3818237745860251,0.0,-0.14683044095613051,0.0
2.834542054762767,1.7713632570122286,4.5847425737463405,4.41,-0.39866487939513884,0.0,-0.16143158288858767,0.0
2.82641212736453,1.7713632570122286,4.582836034640244,4.41,-0.40576563683484146,0.0,-0.16778248451510913,0.0
2.8044474915925712,1.7713632570122286,4.5775643944308735,4.41,-0.424815911222854,0.0,-0.18531967274561156,0.0
2.7849998941057073,1.7713632570122286,4.572734258385619,4.41,-0.44150405859731023,0.0,-0.2013612726835322,0.0
2.7419631128420288,1.7713632570122286,4.561440919876034,4.41,-0.4777499556790201,0.0,-0.2387933988382035,0.0
2.682676672377632,1.7713632570122286,4.544459305657827,4.41,-0.5259067814830602,0.0,-0.2949566998320292,0.0
2.657082320394943,1.7713632570122286,4.536556023931089,4.41,-0.5459339025211485,0.0,-0.32107081308683727,0.0
2.6379724783365837,1.7713632570122286,4.530423019599425,4.41,-0.5605505888224278,0.0,-0.3413289444481566,0.0
2.614584979133287,1.7713632570122286,4.5226233794009545,4.41,-0.578001878766891,0.0,-0.3670884885772002,0.0
2.607779414823332,1.7713632570122286,4.520291525696605,4.41,-0.5829839828939376,0.0,-0.37478912797503977,0.0
2.5964378828805508,1.7713632570122286,4.516339224225286,4.41,-0.5911831322273613,0.0,-0.3878408670711858,0.0
2.5918055766542083,1.7713632570122286,4.514708377811499,4.41,-0.594500386249015,0.0,-0.3932244881914092,0.0
2.565288884906413,1.7713632570122286,4.505054954429219,4.41,-0.6129996523766534,0.0,-0.425100076051911,0.0
2.4797291039172396,1.7713632570122286,4.47039099727809,4.41,-0.6451977566760638,0.0,-0.5301651689352425,0.0
2.4480580545202653,1.7713632570122286,4.456005179548571,4.41,-0.6298236030485531,0.0,-0.561894957232467,0.0
2.4309644383410274,1.7713632570122286,4.44784668077199,4.41,-0.6205633009601552,0.0,-0.5793198856552659,0.0
2.4268459989274604,1.7713632570122286,4.44583585206709,4.41,-0.6182218785778346,0.0,-0.5835512069610016,0.0
2.4224052679568726,1.7713632570122286,4.443652691951574,4.41,-0.6156606305884611,0.0,-0.5881132372043737,0.0
2.4015752317642036,1.7713632570122286,4.4331132996982285,4.41,-0.6029183538948131,0.0,-0.6097182050591191,0.0
2.3143545334951012,1.7713632570122286,4.383336427220135,4.41,-0.5479407518711816,0.0,-0.7089099838771998,0.0
2.310159738036942,1.7713632570122286,4.380675715400642,4.41,-0.5456650915006687,0.0,-0.7143651377296117,0.0
2.306633320410127,1.7713632570122286,4.3784233472801,4.41,-0.5437817251496382,0.0,-0.7189893175877404,0.0
2.294017337735436,1.7713632570122286,4.370203723390795,4.41,-0.5373725545970183,0.0,-0.7360387060426984,0.0
2.290704563196075,1.7713632570122286,4.368009909078327,4.41,-0.5357647088017619,0.0,-0.7406195502932137,0.0
2.2809819800567674,1.7713632570122286,4.361444690214177,4.41,-0.5313498845940177,0.0,-0.7545290756540267,0.0
2.2770817531141367,1.7713632570122286,4.358767117354542,4.41,-0.5296908429711269,0.0,-0.7602647617912084,0.0
2.274372938598202,1.7713632570122286,4.3568980472593175,4.41,-0.5285616459952345,0.0,-0.7642748594975305,0.0
2.263979506721546,1.7713632570122286,4.349587955636963,4.41,-0.5246285630216139,0.0,-0.7802217895156073,0.0
2.2608045705456514,1.7713632570122286,4.347313946342893,4.41,-0.5235537619542527,0.0,-0.7852624643013579,0.0
2.2586725641863636,1.7713632570122286,4.34578218117092,4.41,-0.5228449187664914,0.0,-0.7886605498205081,0.0
2.254714794773104,1.7713632570122286,4.342907627833794,4.41,-0.5216367425921777,0.0,-0.795113468972412,0.0
2.247803804619403,1.7713632570122286,4.3378285839162825,4.41,-0.5191765364972397,0.0,-0.8062276419929719,0.0
2.2453693772283088,1.7713632570122286,4.336011222474576,4.41,-0.5165937069379395,0.0,-0.8089248720419804,0.0
2.2431777637799204,1.7713632570122286,4.334373354729185,4.41,-0.5141355743894459,0.0,-0.8112362332034081,0.0
2.239776840861175,1.7713632570122286,4.331805045410947,4.41,-0.5102716738046825,0.0,-0.814809465608764,0.0
2.235127679183383,1.7713632570122286,4.328262155160983,4.41,-0.5049375205632857,0.0,-0.8196446636017819,0.0
2.2304905978748546,1.7713632570122286,4.324686144566838,4.41,-0.49954775870906254,0.0,-0.8244111718014523,0.0
2.227635040109507,1.7713632570122286,4.322467897599732,4.41,-0.4962052030628633,0.0,-0.8273130715151472,0.0
2.224021640327812,1.7713632570122286,4.319626751785219,4.41,-0.4919176985452768,0.0,-0.830957705824906,0.0
2.214596865725341,1.7713632570122286,4.312099559352702,4.41,-0.48056778703544634,0.0,-0.8402581007287723,0.0
2.16826086736128,1.7713632570122286,4.272281322113318,4.41,-0.42156213105987084,0.0,-0.8802236940109345,0.0
2.139189544471845,1.7713632570122286,4.244786342648223,4.41,-0.3833061927363187,0.0,-0.8979848600073201,0.0
2.1320660030169556,1.7713632570122286,4.237748953775007,4.41,-0.3740493703730975,0.0,-0.9011227474803523,0.0
2.1299993191094684,1.7713632570122286,4.2356822155513925,4.41,-0.37138574108849054,0.0,-0.9019177780013221,0.0
2.1272208220068336,1.7713632570122286,4.23289336436334,4.41,-0.36782308673008113,0.0,-0.9029235614046544,0.0
2.1236434837765796,1.7713632570122286,4.229277310751064,4.41,-0.36327153929702594,0.0,-0.9040825933125112,0.0
1.9945997747368749,1.7713632570122286,4.093725597237865,4.41,-0.2847144771705109,0.0,-0.7806438637098717,0.0
1.984883682560709,1.7713632570122286,4.0851879126358,4.41,-0.2871866232453354,0.0,-0.7539381592370673,0.0
1.9525042058584783,1.7713632570122286,4.061207567768751,4.41,-0.2912308154997763,0.0,-0.6500132399076973,0.0
1.949182733685241,1.7713632570122286,4.059163446338735,4.41,-0.29058052699242404,0.0,-0.6385220221369388,0.0
1.9417190700526281,1.7713632570122286,4.05484374230831,4.41,-0.28794525095432927,0.0,-0.6125763269557061,0.0
1.9388185902437307,1.7713632570122286,4.053273279790899,4.41,-0.2864333971043952,0.0,-0.6024775035843466,0.0
1.9374389958989335,1.7713632570122286,4.052552528881219,4.41,-0.2856053691620878,0.0,-0.597665279970345,0.0
1.936270809303124,1.7713632570122286,4.051942225167827,4.41,-0.2848595968995202,0.0,-0.593626971112907,0.0
1.9338808180895664,1.7713632570122286,4.050737490425397,4.41,-0.2831599736458516,0.0,-0.5853460804430836,0.0
1.9282594814553402,1.7713632570122286,4.048050740713938,4.41,-0.2782827466470586,0.0,-0.5660669849370011,0.0
1.8684335205363187,1.7713632570122286,4.031430288871212,4.41,-0.11098049662957057,0.0,-0.4048593195230079,0.0
1.917967762713804,1.7713632570122286,4.01834256081787,4.41,0.5767702835778894,0.0,-0.5436738320003444,0.0
1.9527423631300818,1.7713632570122286,4.002708199148972,4.41,0.6847909291312312,0.0,-0.6704290840683382,0.0
2.005347069274501,1.7713632570122286,3.968898650297857,4.41,0.8088206632436113,0.0,-0.865350764913162,0.0
2.012657104894254,1.7713632570122286,3.9633497501998165,4.41,0.823986591918124,0.0,-0.8920963250370135,0.0
2.05532792500129,1.7713632570122286,3.9273794865525105,4.41,0.9071739072015406,0.0,-1.0456838072554246,0.0
2.06922301362751,1.7713632570122286,3.9144621720290016,4.41,0.9329440318797713,0.0,-1.0947258336470644,0.0
2.0774853919584353,1.7713632570122286,3.9065233816447607,4.41,0.9480794357798378,0.0,-1.1236539380543944,0.0
2.0805873171801115,1.7713632570122286,3.903494447541253,4.41,0.9537329997583286,0.0,-1.134468151972762,0.0
2.089199836781717,1.7713632570122286,3.894958106049339,4.41,0.969348281894528,0.0,-1.1643804473181008,0.0
2.1587516997904577,1.7713632570122286,3.819810272011509,4.41,1.0934830822772716,0.0,-1.3993780185959324,0.0
2.2556443450570254,1.7713632570122286,3.7016312187767215,4.41,1.2685152202336123,0.0,-1.7067990839078502,0.0
2.3528388711971755,1.7713632570122286,3.5748833075005098,4.41,1.454502514108583,0.0,-1.9878877986922536,0.0
2.391008184605094,1.7713632570122286,3.524470631854988,4.41,1.5256521480414378,0.0,-2.081000370091547,0.0
2.457808479003326,1.7713632570122286,3.4370929117719373,4.41,1.603947241827202,0.0,-2.1595789230655917,0.0
2.70641541666502,1.7713632570122286,3.1519469653650427,4.41,1.7439265263238113,0.0,-2.0202573545383187,0.0
2.8478088289574375,1.7713632570122286,3.044554530208885,4.41,1.8046757007927283,0.0,-1.778947610506116,0.0
2.856500554165178,1.7713632570122286,3.039808737386113,4.41,1.8060809263740514,0.0,-1.7598326814721523,0.0
2.8685348267013437,1.7713632570122286,3.033628908222901,4.41,1.8071601773438926,0.0,-1.7326181634483204,0.0
2.9217070433767405,1.7713632570122286,3.0121715741604635,4.41,1.8045273688846657,0.0,-1.6062671220434193,0.0
2.9798255700967546,1.7713632570122286,3.000586864027399,4.41,1.8176936891756297,0.0,-1.468030383981477,0.0
3.6510454721841707,1.7713632570122286,2.9628624920451765,4.41,3.37739184198636,0.0,-1.5299980760642453,0.0
3.6625192011276986,1.7713632570122286,2.962230434965752,4.41,3.3887500656230416,0.0,-1.5301828693337798,0.0
3.668512004086299,1.7713632570122286,2.961901863293648,4.41,3.3931922573814024,0.0,-1.5301832299588247,0.0
3.6767927790975974,1.7713632570122286,2.9614493831746254,4.41,3.3942858019371336,0.0,-1.5298950554989308,0.0
3.6811745252818975,1.7713632570122286,2.961210881438487,4.41,3.3942609730736892,0.0,-1.529702806003679,0.0
3.6867339945149338,1.7713632570122286,2.9609088241584,4.41,3.394217042552084,0.0,-1.5294550250895114,0.0
3.6902105708778956,1.7713632570122286,2.9607206658421457,4.41,3.3941733817974624,0.0,-1.5292938130671478,0.0
3.7017130201836563,1.7713632570122286,2.9601001189701073,4.41,3.393985815412962,0.0,-1.5287466836190728,0.0
3.7073501840067555,1.7713632570122286,2.9597979195561295,4.41,3.39385309229531,0.0,-1.528463432856472,0.0
3.710641854310252,1.7713632570122286,2.9596217367133666,4.41,3.3937697966055147,0.0,-1.5282964487877273,0.0
3.714736448319342,1.7713632570122286,2.9594033644907536,4.41,3.39364996895586,0.0,-1.5280824863401332,0.0
3.730038221470851,1.7713632570122286,2.9585922114810828,4.41,3.3931031915549914,0.0,-1.5272490483203016,0.0
3.7331068795674187,1.7713632570122286,2.9584303190378285,4.41,3.392978014207036,0.0,-1.5270770514366288,0.0
3.7359883765474886,1.7713632570122286,2.9582791717716894,4.41,3.3928436553363834,0.0,-1.52690852805894,0.0
3.7394949828278365,1.7713632570122286,2.9580952347568785,4.41,3.392680076416375,0.0,-1.5267043588402787,0.0
3.7520895165397916,1.7713632570122286,2.9574392406109244,4.41,3.392004683538703,0.0,-1.525939295113885,0.0
3.761795702170806,1.7713632570122286,2.956938119571507,4.41,3.3914019447407204,0.0,-1.5253214233738561,0.0
3.7644090756154376,1.7713632570122286,2.956803735140223,4.41,3.3912297609413913,0.0,-1.5251519869124537,0.0
3.773383879390486,1.7713632570122286,2.9563454005293197,4.41,3.390581790604818,0.0,-1.5245487794862551,0.0
3.7813663872820555,1.7713632570122286,2.955940808297946,4.41,3.3899514234974317,0.0,-1.5239938355582645,0.0
3.7838734642129066,1.7713632570122286,2.955814399324404,4.41,3.3897419318535746,0.0,-1.5238155198775467,0.0
3.7966857089074564,1.7713632570122286,2.9551731092294893,4.41,3.388590856768997,0.0,-1.5228769810280636,0.0
3.823155173140081,1.7713632570122286,2.9538758355369485,4.41,3.3857541507105617,0.0,-1.520781119253258,0.0
3.827960405945921,1.7713632570122286,2.9536448819753574,4.41,3.3851658495538066,0.0,-1.5203749836735325,0.0
3.830347071482433,1.7713632570122286,2.953530358238432,4.41,3.3848706283908365,0.0,-1.5201729825485426,0.0
3.8502746075385463,1.7713632570122286,2.952589960155629,4.41,3.3821598651756597,0.0,-1.5183983136914452,0.0
4.400827708160565,1.7713632570122286,2.9987626435848433,4.41,2.629464451148337,0.0,-1.4112373564151568,0.0
