1.7755350013549576,1.7713632570122286,4.410287689730065,4.41,0.036855632237604526,0.0,0.002541619528602748,0.0
1.7758994079347106,1.7713632570122286,4.4103128197528925,4.41,0.04007501333696392,0.0,0.002763632864838408,0.0
1.7760433202652195,1.7713632570122286,4.410322744162472,4.41,0.041346419130787085,0.0,0.0028513109101783378,0.0
1.7762242386235736,1.7713632570122286,4.410335220563086,4.41,0.042944757843021014,0.0,0.0029615347386055917,0.0
1.7764198908633846,1.7713632570122286,4.410348713034204,4.41,0.04467326429128955,0.0,0.0030807351288176326,0.0
1.7769789217377305,1.7713632570122286,4.41038726463951,4.41,0.04961207036896114,0.0,0.0034213225835129637,0.0
1.7771173516937437,1.7713632570122286,4.410396810976344,4.41,0.0508350416563527,0.0,0.003505660512839961,0.0
1.7772643478599066,1.7713632570122286,4.410406948051842,4.41,0.05213369186004355,0.0,0.0035952173734370863,0.0
1.7789844428578943,1.7713632570122286,4.410525568375862,4.41,0.06733001825287956,0.0,0.004643178772499659,0.0
1.7827575157802729,1.7713632570122286,4.410785765128438,4.41,0.10066355372593036,0.0,0.006941909239785889,0.0
1.7859143355445082,1.7713632570122286,4.411003464141422,4.41,0.12855274796043265,0.0,0.008865189791491652,0.0
1.789085546541794,1.7713632570122286,4.411222155595365,4.41,0.15656908277431555,0.0,0.01079723814773129,0.0
1.7925416696886471,1.7713632570122286,4.41146049501732,4.41,0.1871024983443048,0.0,0.012902868158019092,0.0
1.8012096464145624,1.7713632570122286,4.412058251658097,4.41,0.2636804801689211,0.0,0.018183800331741048,0.0
1.8014532694312095,1.7713632570122286,4.412075052265742,4.41,0.26583278854846354,0.0,0.018332226737066366,0.0
1.8031726791323852,1.7713632570122286,4.4121936253306675,4.41,0.28102306062799576,0.0,0.019379770621627303,0.0
1.8075853053045137,1.7713632570122286,4.412497926632004,4.41,0.320006783991929,0.0,0.022068146497549,0.0
1.809780310993181,1.7713632570122286,4.412649297507635,4.41,0.33939874950438065,0.0,0.023405445446233165,0.0
1.8174192966204,1.7713632570122286,4.413168085550918,4.41,0.3719777668495963,0.0,0.02557593155391452,0.0
1.826905970341814,1.7713632570122286,4.413811173410638,4.41,0.40728266538544367,0.0,0.02788786147793055,0.0
1.834888613841809,1.7713632570122286,4.414352305241886,4.41,0.43699128688272537,0.0,0.02981814333255245,0.0
1.8421810318760805,1.7713632570122286,4.4148466476893615,4.41,0.4641319315429768,0.0,0.031569450643140894,0.0
1.8501490232286515,1.7713632570122286,4.415386146544228,4.41,0.4933319973772207,0.0,0.033438793464070776,0.0
1.8608193193708984,1.7713632570122286,4.4160969052834265,4.41,0.5240946627528523,0.0,0.035355562943769944,0.0
1.8715471764754454,1.7713632570122286,4.416811498213957,4.41,0.555024524942704,0.0,0.03726337299849479,0.0
1.8831438275436791,1.7713632570122286,4.417583962350125,4.41,0.5884606335990661,0.0,0.03930392049532015,0.0
1.9000794485560584,1.7713632570122286,4.418698258718669,4.41,0.6322302719900391,0.0,0.041904354379581156,0.0
1.9069685054044379,1.7713632570122286,4.419149001125913,4.41,0.6491075414257534,0.0,0.04288781280884848,0.0
1.922984128684421,1.7713632570122286,4.420196883404953,4.41,0.6883453036063745,0.0,0.04514785948583468,0.0
1.9336975823103202,1.7713632570122286,4.42088989144038,4.41,0.7127381021877339,0.0,0.04651593472651957,0.0
1.9489447305419076,1.7713632570122286,4.421869397583555,4.41,0.7458769149612197,0.0,0.04833243104745664,0.0
1.9620217644321847,1.7713632570122286,4.422709491405393,4.41,0.7743005105819257,0.0,0.04986674102332411,0.0
1.9778030761484475,1.7713632570122286,4.423708492905906,4.41,0.8061617247083461,0.0,0.05152894495750168,0.0
1.9935264097024223,1.7713632570122286,4.424699856772026,4.41,0.8372538370456515,0.0,0.053112929824531856,0.0
2.0127796778612788,1.7713632570122286,4.425902716818746,4.41,0.8739537214109191,0.0,0.05492348916962509,0.0
2.0276089936162855,1.7713632570122286,4.426819976142517,4.41,0.9010782375438472,0.0,0.0562153089322664,0.0
2.0466194686317154,1.7713632570122286,4.427989684697264,4.41,0.9352484727559099,0.0,0.0577971724264339,0.0
2.065686755370791,1.7713632570122286,4.429146189101773,4.41,0.9678891521875004,0.0,0.059239592141110624,0.0
2.0819226851996664,1.7713632570122286,4.430127701847889,4.41,0.9954252334021026,0.0,0.060421742201055735,0.0
2.10171564759345,1.7713632570122286,4.431304367356894,4.41,1.0274145441698959,0.0,0.06172503630372059,0.0
2.1222014825864792,1.7713632570122286,4.4325156302177655,4.41,1.060088890615651,0.0,0.06300569762141783,0.0
2.1587068037039603,1.7713632570122286,4.434636040013909,4.41,1.1158551980708815,0.0,0.06503084576447304,0.0
2.1975807324888526,1.7713632570122286,4.436845031894435,4.41,1.1725511155132393,0.0,0.06688015071448168,0.0
2.220355227019291,1.7713632570122286,4.438115984052507,4.41,1.204645122874422,0.0,0.06782915686691486,0.0
2.22198680523589,1.7713632570122286,4.438207035814497,4.41,1.2069444281080857,0.0,0.06789542975279499,0.0
2.2334951714391034,1.7713632570122286,4.438842680808836,4.41,1.2228841132110315,0.0,0.06833823637032045,0.0
2.2549193724483945,1.7713632570122286,4.44001207119639,4.41,1.2519693028949048,0.0,0.06909458289000969,0.0
2.2843124447759813,1.7713632570122286,4.441592486922567,4.41,1.2909821520334335,0.0,0.07001176795449124,0.0
2.3053910104161632,1.7713632570122286,4.442712115754712,4.41,1.3184691944698288,0.0,0.07059391787339146,0.0
2.3700711490223436,1.7713632570122286,4.446043294033086,4.41,1.3994904869762923,0.0,0.07193981809486114,0.0
2.3718298483463034,1.7713632570122286,4.446132787461519,4.41,1.4016613780491438,0.0,0.07196971233983229,0.0
2.387446546225738,1.7713632570122286,4.44691042519589,4.41,1.4204802564093206,0.0,0.0721939015210686,0.0
2.4194856301736745,1.7713632570122286,4.44848871924758,4.41,1.458660841256127,0.0,0.07256675545451771,0.0
2.439265581436597,1.7713632570122286,4.449446063249568,4.41,1.4818168609886393,0.0,0.07273012087134477,0.0
2.469775059624218,1.7713632570122286,4.450892144188323,4.41,1.5168530408831828,0.0,0.0728780836878007,0.0
2.496569027089378,1.7713632570122286,4.452135720086678,4.41,1.547071079339224,0.0,0.07291319772737069,0.0
2.5528074339133293,1.7713632570122286,4.454668649016756,4.41,1.5766561053787473,0.0,0.07127047154497129,0.0
2.5594956453523423,1.7713632570122286,4.454958748994446,4.41,1.577341013101481,0.0,0.07093765203540224,0.0
2.5878625674951294,1.7713632570122286,4.4561869575499395,4.41,1.5802449998277455,0.0,0.06952493451444905,0.0
2.6310323497733923,1.7713632570122286,4.457991787747082,4.41,1.5846624146558448,0.0,0.06734342035297192,0.0
2.6484748118983683,1.7713632570122286,4.458704082643016,4.41,1.5864464569238548,0.0,0.06645365462090946,0.0
2.6759419732658034,1.7713632570122286,4.459799499211509,4.41,1.5892550027321128,0.0,0.06503958516946197,0.0
2.709449245910238,1.7713632570122286,4.461099803913871,4.41,1.592679605282227,0.0,0.06329680189038608,0.0
2.7356851016305046,1.7713632570122286,4.462088926928157,4.41,1.5953598304586614,0.0,0.0619179049077268,0.0
2.7682133347458038,1.7713632570122286,4.46327895556374,4.41,1.598681375637436,0.0,0.06019035202981379,0.0
2.8087842556200076,1.7713632570122286,4.464705463473481,4.41,1.6028217876013051,0.0,0.05800710317935756,0.0
2.828479741984896,1.7713632570122286,4.465378941396192,4.41,1.6048307396022021,0.0,0.056937803523905144,0.0
2.8728874963356223,1.7713632570122286,4.466831117475261,4.41,1.6093580453497522,0.0,0.05449401944682136,0.0
2.885085320911089,1.7713632570122286,4.467219307668495,4.41,1.610600947941972,0.0,0.05381746594578682,0.0
2.9198373730508584,1.7713632570122286,4.468288490361019,4.41,1.614140596399736,0.0,0.05187172063038935,0.0
2.946816676386489,1.7713632570122286,4.469082903080916,4.41,1.6168870345906683,0.0,0.05034350912955329,0.0
2.9850633933663056,1.7713632570122286,4.470164004772944,4.41,1.620778017816714,0.0,0.04815470842899069,0.0
3.026684149162732,1.7713632570122286,4.47127165395541,4.41,1.6250089735740167,0.0,0.04573869494347391,0.0
3.076600924761954,1.7713632570122286,4.472504158147145,4.41,1.6300785669421403,0.0,0.04279355875023459,0.0
3.078703321985203,1.7713632570122286,4.472554506093232,4.41,1.6302919654900692,0.0,0.04266873968670644,0.0
3.096283073499745,1.7713632570122286,4.472962969094336,4.41,1.6320760302232302,0.0,0.04161882882570696,0.0
3.158569523451212,1.7713632570122286,4.474308237557299,4.41,1.6383915689310953,0.0,0.037848412132802337,0.0
3.1618538692336333,1.7713632570122286,4.47437379502436,4.41,1.638724347228245,0.0,0.037646938014359865,0.0
3.209788037758923,1.7713632570122286,4.475293435335232,4.41,1.643578149911638,0.0,0.03468808320199558,0.0
3.2215356975692973,1.7713632570122286,4.475501250295596,4.41,1.6447668944761644,0.0,0.033954249969350585,0.0
3.247943829103105,1.7713632570122286,4.475953125329525,4.41,1.6474378474885283,0.0,0.03229707646769168,0.0
3.275592816925487,1.7713632570122286,4.476393835253967,4.41,1.650232434317104,0.0,0.030546050464918192,0.0
3.306654513511901,1.7713632570122286,4.476846840125885,4.41,1.6533696343013253,0.0,0.028558152151749557,0.0
3.3357729582738895,1.7713632570122286,4.477232606432078,4.41,1.6563082672226126,0.0,0.02667548108607482,0.0
3.368344645450811,1.7713632570122286,4.477620609219107,4.41,1.6595926866090043,0.0,0.02454816742075744,0.0
3.3964035865297797,1.7713632570122286,4.477916389165891,4.41,1.6624197065820796,0.0,0.02269673238033639,0.0
3.4288922087607614,1.7713632570122286,4.478215362315927,4.41,1.6656902373716365,0.0,0.020531732570447547,0.0
3.458543307610616,1.7713632570122286,4.478446461697104,4.41,1.6686724461345375,0.0,0.018535441706734428,0.0
3.4862237301007486,1.7713632570122286,4.4786252682065335,4.41,1.671454090280795,0.0,0.016653852722661542,0.0
3.5198037976069143,1.7713632570122286,4.478794974624168,4.41,1.674825459486057,0.0,0.014348324309835625,0.0
3.549574102596974,1.7713632570122286,4.47890207468889,4.41,1.6778113890477186,0.0,0.012283391895985788,0.0
3.5779645281992565,1.7713632570122286,4.4789663478228965,4.41,1.6806562754102883,0.0,0.010295915648574537,0.0
3.6071065149401464,1.7713632570122286,4.478992346327633,4.41,1.6835737295915512,0.0,0.008236621400478976,0.0
3.6370390083578967,1.7713632570122286,4.478976606017606,4.41,1.6865673636619856,0.0,0.00610115718103298,0.0
3.676289401503548,1.7713632570122286,4.478888679426619,4.41,1.6904882463662436,0.0,0.0032688914807848975,0.0
3.6996667426571594,1.7713632570122286,4.478803876983663,4.41,1.6928209365640878,0.0,0.0015666401855486027,0.0
3.7267699158358654,1.7713632570122286,4.478671758811649,4.41,1.6955229509235068,0.0,-4.228558575369093E-4,0.0
3.756919310006214,1.7713632570122286,4.478481553459843,4.41,1.6985254937612688,0.0,-0.002656249300532227,0.0
3.786796899722086,1.7713632570122286,4.478249156118658,4.41,1.7014976172063827,0.0,-0.004889993735432946,0.0
3.8404477856022945,1.7713632570122286,4.477721882807159,4.41,1.7068260338566332,0.0,-0.008952003724869852,0.0
3.848875731199208,1.7713632570122286,4.477625211893815,4.41,1.7076620392983317,0.0,-0.009596464201247134,0.0
3.8842114985756617,1.7713632570122286,4.477186347173316,4.41,1.7111640750743269,0.0,-0.012313776210023865,0.0
3.9110933320674004,1.7713632570122286,4.476807912146857,4.41,1.7138248502290465,0.0,-0.01440118874056184,0.0
3.9362213369960135,1.7713632570122286,4.476420138356182,4.41,1.716309315181475,0.0,-0.01636770804439768,0.0
4.00117011870601,1.7713632570122286,4.475270089797169,4.41,1.7227185222983838,0.0,-0.02151622341400496,0.0
4.003805100441317,1.7713632570122286,4.475217825999033,4.41,1.722978152239098,0.0,-0.02172756320408105,0.0
4.0442440358150895,1.7713632570122286,4.474385980326049,4.41,1.7269589183521201,0.0,-0.02498384997042801,0.0
4.055039934630323,1.7713632570122286,4.474149095974111,4.41,1.7280204138828776,0.0,-0.025859554790700186,0.0
4.089353715764515,1.7713632570122286,4.473353981401602,4.41,1.7313907431343147,0.0,-0.02866090897378246,0.0
4.187873077402883,1.7713632570122286,4.470727318118505,4.41,1.741036810393871,0.0,-0.03684740016341425,0.0
4.249388493658756,1.7713632570122286,4.468820413351245,4.41,1.7470359621995075,0.0,-0.04206685624298966,0.0
4.250324002585573,1.7713632570122286,4.468790097549305,4.41,1.7471270529249356,0.0,-0.042146748988950815,0.0
4.250988153955091,1.7713632570122286,4.4687685752732484,4.41,1.747191719109102,0.0,-0.04220346764064926,0.0
4.25209307395359,1.7713632570122286,4.46873276959051,4.41,1.7472992970511865,0.0,-0.042297827874890975,0.0
4.356474456841814,1.7713632570122286,4.465007077145966,4.41,1.7574337025302467,0.0,-0.051341983370263286,0.0
4.374240248749065,1.7713632570122286,4.464309060967069,4.41,1.7591529238430055,0.0,-0.05290466004423067,0.0
4.391372968526666,1.7713632570122286,4.463621867426895,4.41,1.7608093314821218,0.0,-0.05441656368640846,0.0
4.398752842587475,1.7713632570122286,4.463321110304633,4.41,1.7615223481397382,0.0,-0.055069471005528926,0.0
4.401840279745329,1.7713632570122286,4.463195285838374,4.41,1.761820568327209,0.0,-0.055342617607854326,0.0
4.421029533966512,1.7713632570122286,4.462393523171615,4.41,1.76367287069017,0.0,-0.057047060395291616,0.0
4.447468110944757,1.7713632570122286,4.461256993499178,4.41,1.766221724916459,0.0,-0.05940609726787495,0.0
4.475455903954431,1.7713632570122286,4.4600114511586,4.41,1.7689158305638006,0.0,-0.061917253294116945,0.0
4.50606226996653,1.7713632570122286,4.458597835323488,4.41,1.7718571212613288,0.0,-0.06467969477218131,0.0
4.5405133243360645,1.7713632570122286,4.456938493922998,4.41,1.7751617169814873,0.0,-0.0678099107014941,0.0
4.594761860567905,1.7713632570122286,4.454192864644753,4.41,1.7803521171572791,0.0,-0.07277707660946714,0.0
4.599016147221782,1.7713632570122286,4.453972312420628,4.41,1.780758488713005,0.0,-0.07316805530014715,0.0
4.6823639118303175,1.7713632570122286,4.449393964103043,4.41,1.7886992700844233,0.0,-0.08089351214302343,0.0
4.684175950882896,1.7713632570122286,4.449290332679573,4.41,1.7888714835508452,0.0,-0.08106243948601044,0.0
4.689674965263943,1.7713632570122286,4.448975841285371,4.41,1.7893939988266747,0.0,-0.0815750792682502,0.0
4.7327264858190725,1.7713632570122286,4.446434090952729,4.41,1.793478844173954,0.0,-0.08560553446774363,0.0
4.745228458313523,1.7713632570122286,4.4456749835294955,4.41,1.7946631514936702,0.0,-0.0867801035667935,0.0
4.774644198021607,1.7713632570122286,4.443854912052139,4.41,1.7974463305757993,0.0,-0.08954989502845563,0.0
4.822767299188505,1.7713632570122286,4.440768419020059,4.41,1.8019893919506837,0.0,-0.09409881308691463,0.0
4.887032582519298,1.7713632570122286,4.436431479645497,4.41,1.8080371176735333,0.0,-0.10020132217582618,0.0
4.887587758543688,1.7713632570122286,4.436393115183517,4.41,1.8080892687268273,0.0,-0.10025413291794442,0.0
4.894664271014066,1.7713632570122286,4.4359025018223255,4.41,1.8087538697913295,0.0,-0.1009274072199858,0.0
4.924097127082632,1.7713632570122286,4.433819180791351,4.41,1.8115153678544962,0.0,-0.10373092162314249,0.0
4.953727057219864,1.7713632570122286,4.431673849580333,4.41,1.8142909577691255,0.0,-0.10655565950895053,0.0
4.985079276802609,1.7713632570122286,4.42934637962124,4.41,1.817223220131681,0.0,-0.10954601717642198,0.0
5.013639348850555,1.7713632570122286,4.427175025469503,4.41,1.8198902979782254,0.0,-0.1122698710885879,0.0
5.048096670042795,1.7713632570122286,4.424493676815555,4.41,1.823103123948779,0.0,-0.11555390225637328,0.0
5.076159634429756,1.7713632570122286,4.422256524467339,4.41,1.8257159329860109,0.0,-0.11822484518397999,0.0
5.107916223609386,1.7713632570122286,4.419673151058516,4.41,1.8286686464681408,0.0,-0.12124186578736713,0.0
5.133041517966383,1.7713632570122286,4.4175840436707094,4.41,1.8310020558327407,0.0,-0.123622565260996,0.0
5.165337840840382,1.7713632570122286,4.414848187171592,4.41,1.833997984136788,0.0,-0.12667361952407377,0.0
5.1932401780223065,1.7713632570122286,4.412435027308473,4.41,1.836583498286063,0.0,-0.12929866977108176,0.0
5.224842574004475,1.7713632570122286,4.409648656152406,4.41,1.8395089641440054,0.0,-0.13225770856763971,0.0
5.254013947142107,1.7713632570122286,4.407026410466397,4.41,1.8422069612053371,0.0,-0.13497335069926697,0.0
5.285251215820434,1.7713632570122286,4.404165611881904,4.41,1.8450937821919144,0.0,-0.13786203827062996,0.0
5.314818317798768,1.7713632570122286,4.401407195570188,4.41,1.8478245130755653,0.0,-0.14057490469281397,0.0
5.344495994364644,1.7713632570122286,4.3985909954723335,4.41,1.8505640441320177,0.0,-0.1432751212070777,0.0
5.37265819748526,1.7713632570122286,4.395873662782255,4.41,1.8531628285896402,0.0,-0.1458129867178472,0.0
5.401932886929004,1.7713632570122286,4.393004071029448,4.41,1.8558637253679746,0.0,-0.1484237224858783,0.0
5.4319404139140675,1.7713632570122286,4.390015369647586,4.41,1.858632149826307,0.0,-0.15106743553868388,0.0
5.463380530518359,1.7713632570122286,4.386835678321579,4.41,1.8615329751266914,0.0,-0.1538005795598822,0.0
5.534986683301833,1.7713632570122286,4.379402138759244,4.41,1.8681450768579089,0.0,-0.15985351640817372,0.0
5.536924465085671,1.7713632570122286,4.379198045623087,4.41,1.868324085782638,0.0,-0.1600143812401207,0.0
5.577156018855052,1.7713632570122286,4.374909371998175,4.41,1.8720444212687322,0.0,-0.16329554845595276,0.0
5.600084797006681,1.7713632570122286,4.372429457730193,4.41,1.8741674700760713,0.0,-0.16512086754309063,0.0
5.616691967794113,1.7713632570122286,4.3706196016699925,4.41,1.875706320172836,0.0,-0.16642417682681723,0.0
5.647996928109719,1.7713632570122286,4.3671741207590955,4.41,1.8786106687275876,0.0,-0.16883089025044679,0.0
5.678769386811593,1.7713632570122286,4.363744401642508,4.41,1.8814710766035467,0.0,-0.17112686561001741,0.0
5.707673071539128,1.7713632570122286,4.360488433448526,4.41,1.8841628681317384,0.0,-0.17322086513827378,0.0
5.746144783910554,1.7713632570122286,4.3561017673029845,4.41,1.8877553130432305,0.0,-0.1759007769618703,0.0
5.761471232625351,1.7713632570122286,4.354338898475671,4.41,1.8891896537379678,0.0,-0.17693406691225239,0.0
5.791784476827939,1.7713632570122286,4.3508270055711815,4.41,1.892032628699596,0.0,-0.1789152470901401,0.0
5.820556407393305,1.7713632570122286,4.347462342805989,4.41,1.894739826353772,0.0,-0.180709617048992,0.0
5.861757448167371,1.7713632570122286,4.342599715435265,4.41,1.8986310397234294,0.0,-0.18313958575377773,0.0
5.884749087903549,1.7713632570122286,4.33986252855535,4.41,1.9008117282404458,0.0,-0.1844109000896405,0.0
5.910282852640478,1.7713632570122286,4.3368064722663515,4.41,1.9032408933677047,0.0,-0.18575632588787322,0.0
5.939740064824729,1.7713632570122286,4.333259432410705,4.41,1.9060546322989156,0.0,-0.1872092101758342,0.0
5.969719066572498,1.7713632570122286,4.329629197460345,4.41,1.9089308756800454,0.0,-0.18857849719420408,0.0
6.019590903177939,1.7713632570122286,4.323549905043036,4.41,1.9137471332148828,0.0,-0.1905906733465249,0.0
6.0317417221768075,1.7713632570122286,4.322062652589657,4.41,1.9149264039201732,0.0,-0.19103221484960956,0.0
6.062908812731054,1.7713632570122286,4.318237047250555,4.41,1.9179647213947384,0.0,-0.1920540963950389,0.0
6.089462435181747,1.7713632570122286,4.314968768724034,4.41,1.920567652718048,0.0,-0.19280726048449753,0.0
6.16575550909762,1.7713632570122286,4.305552230512006,4.41,1.9281227931348868,0.0,-0.19435028145064964,0.0
6.1669062608693315,1.7713632570122286,4.305410066487352,4.41,1.928237798348475,0.0,-0.19436506419545121,0.0
6.178613262075967,1.7713632570122286,4.303963782024376,4.41,1.929407786692839,0.0,-0.1945154542393709,0.0
6.207035364680535,1.7713632570122286,4.30045392065001,4.41,1.932262369904161,0.0,-0.19476625925525343,0.0
6.23777593210541,1.7713632570122286,4.296662455010607,4.41,1.935369889539188,0.0,-0.19487418587318855,0.0
6.26629177801861,1.7713632570122286,4.293152913385958,4.41,1.9382720699718834,0.0,-0.19481428146351623,0.0
6.295554788855323,1.7713632570122286,4.289562094167619,4.41,1.9412701529244287,0.0,-0.19458885508197446,0.0
6.327502669314347,1.7713632570122286,4.285658339370059,4.41,1.9445671037981977,0.0,-0.1941440438319074,0.0
6.357874667998292,1.7713632570122286,4.281966962614384,4.41,1.9477245312599631,0.0,-0.19352529662643195,0.0
6.385810024649801,1.7713632570122286,4.278591908634581,4.41,1.9506484399675186,0.0,-0.1927853238308556,0.0
6.415662040495606,1.7713632570122286,4.275011203014014,4.41,1.9537948060776835,0.0,-0.19180230661395928,0.0
6.446517158764421,1.7713632570122286,4.27134216330614,4.41,1.9570702637576192,0.0,-0.19057537194042723,0.0
6.47552478245351,1.7713632570122286,4.267926765658677,4.41,1.9601713102097011,0.0,-0.18922038068650948,0.0
6.506516810083318,1.7713632570122286,4.2643173813172535,4.41,1.9635067507882296,0.0,-0.18755855463703924,0.0
6.536020854292349,1.7713632570122286,4.26092443293468,4.41,1.9667035290977612,0.0,-0.1857624388254639,0.0
6.565553857048498,1.7713632570122286,4.257574066619921,4.41,1.9684504790046,0.0,-0.18358767406220797,0.0
6.598526172012205,1.7713632570122286,4.253891852233497,4.41,1.9420231197745683,0.0,-0.17776189816012436,0.0
6.624076130481881,1.7713632570122286,4.251087101562161,4.41,1.9184825217506651,0.0,-0.17280494949803846,0.0
6.652309876897878,1.7713632570122286,4.248037489072866,4.41,1.8919168462183242,0.0,-0.167191951027086,0.0
6.679886731365663,1.7713632570122286,4.245113561536773,4.41,1.8653620217795472,0.0,-0.16157647082342666,0.0
6.70753859314408,1.7713632570122286,4.242239366731766,4.41,1.8380913044551987,0.0,-0.15582370980160398,0.0
6.735727016917727,1.7713632570122286,4.23937275813947,4.41,1.809576208701198,0.0,-0.14984304909312526,0.0
6.7612442562342006,1.7713632570122286,4.236838116993789,4.41,1.7830705603078547,0.0,-0.14433016371694113,0.0
6.785955171988299,1.7713632570122286,4.234438615410427,4.41,1.756754456233633,0.0,-0.13891970686278593,0.0
6.811595795807144,1.7713632570122286,4.232007245115525,4.41,1.728742030989563,0.0,-0.13324537849121826,0.0
6.8381614128394554,1.7713632570122286,4.229556422865868,4.41,1.698867616600301,0.0,-0.12730352920411253,0.0
6.858684601365693,1.7713632570122286,4.22771443391919,4.41,1.6751222857641026,0.0,-0.12267139417048857,0.0
6.882727046412366,1.7713632570122286,4.225609031229528,4.41,1.6465959667668193,0.0,-0.11722729000454737,0.0
6.90306626120586,1.7713632570122286,4.223880372955925,4.41,1.6217250235453173,0.0,-0.1125937098636226,0.0
6.925173921820307,1.7713632570122286,4.222051259407128,4.41,1.5939529988321173,0.0,-0.10755407677821092,0.0
6.945482143231846,1.7713632570122286,4.220420994846493,4.41,1.5676634559103917,0.0,-0.10292032212750216,0.0
6.968443409732691,1.7713632570122286,4.218637584392989,4.41,1.5369524091900781,0.0,-0.09768328469340497,0.0
6.987184024668227,1.7713632570122286,4.217226244417994,4.41,1.5111096584503936,0.0,-0.09342756025915497,0.0
7.0105576784223445,1.7713632570122286,4.215533605684516,4.41,1.4776046744083788,0.0,-0.08812482909279071,0.0
7.02819173120177,1.7713632570122286,4.21429935257828,4.41,1.451456683812241,0.0,-0.08415477906925059,0.0
7.044883078211352,1.7713632570122286,4.213167921896434,4.41,1.4259025067814228,0.0,-0.08041999691045884,0.0
7.066972872498666,1.7713632570122286,4.211730689791391,4.41,1.3906519700732707,0.0,-0.07550827973642225,0.0
7.078323205409594,1.7713632570122286,4.211015040790237,4.41,1.3719513891931683,0.0,-0.07301197025474998,0.0
7.094850092380154,1.7713632570122286,4.21000803206854,4.41,1.3437423785320064,0.0,-0.06939591400092088,0.0
7.111516405021862,1.7713632570122286,4.209030490638611,4.41,1.3141298597513407,0.0,-0.06578728107724266,0.0
7.127380510747137,1.7713632570122286,4.208135780786403,4.41,1.2847281827235864,0.0,-0.062391491995765685,0.0
7.1616301386755925,1.7713632570122286,4.206325612192578,4.41,1.2164369349068884,0.0,-0.05520405354783528,0.0
7.163126486800672,1.7713632570122286,4.206249477624223,4.41,1.2133238771098953,0.0,-0.05489761852246741,0.0
7.16913621072978,1.7713632570122286,4.205951867677204,4.41,1.200402963700391,0.0,-0.05365518972455359,0.0
7.182076249298522,1.7713632570122286,4.205325686380489,4.41,1.1717969344164456,0.0,-0.051014253806485096,0.0
7.194415400641374,1.7713632570122286,4.204752057476316,4.41,1.143122566453671,0.0,-0.04852413617615241,0.0
7.2064520482941035,1.7713632570122286,4.204217668228807,4.41,1.1133836912185369,0.0,-0.04610875708126992,0.0
7.216785492244484,1.7713632570122286,4.203775477039591,4.41,1.0864652035010418,0.0,-0.044056421439222705,0.0
7.22730961690706,1.7713632570122286,4.203338726710552,4.41,1.05778256056613,0.0,-0.0419970261940356,0.0
7.237355476349806,1.7713632570122286,4.202939771172018,4.41,1.028498608415498,0.0,-0.04003597154293828,0.0
7.246619897126717,1.7713632570122286,4.202587198306082,4.41,0.9993650665093039,0.0,-0.038221737431238106,0.0
7.259924350940744,1.7713632570122286,4.202101165714385,4.41,0.9540772691856964,0.0,-0.035632842683009015,0.0
7.263565506720398,1.7713632570122286,4.20197344276237,4.41,0.9406601792100561,0.0,-0.03491912535390289,0.0
7.274303695414979,1.7713632570122286,4.201607129307842,4.41,0.8979904483933441,0.0,-0.032795487168751074,0.0
7.278040456291353,1.7713632570122286,4.201484842007087,4.41,0.881589648491713,0.0,-0.032036922524106344,0.0
7.284542233278056,1.7713632570122286,4.201272068221414,4.41,0.8530512336774749,0.0,-0.030763889046475396,0.0
7.289570135471718,1.7713632570122286,4.201118625730154,4.41,0.8246250795774384,0.0,-0.029614134097454926,0.0
7.294687587013951,1.7713632570122286,4.20096330443535,4.41,0.7952018381804631,0.0,-0.028475622962404835,0.0
7.299796326255727,1.7713632570122286,4.200808247570169,4.41,0.7658270251196587,0.0,-0.027387332505844027,0.0
7.302044687883471,1.7713632570122286,4.200745121229663,4.41,0.7352415349654331,0.0,-0.026392712059408466,0.0
7.30416834708617,1.7713632570122286,4.2006857531287425,4.41,0.7054644393158205,0.0,-0.02544713046282173,0.0
7.3063191850498495,1.7713632570122286,4.2006256252301,4.41,0.6753056229208779,0.0,-0.024510118780068854,0.0
7.308660168173356,1.7713632570122286,4.200560181715363,4.41,0.6424799023939859,0.0,-0.023513913717982327,0.0
7.310602706414209,1.7713632570122286,4.20050587695395,4.41,0.6152407017498671,0.0,-0.022705976407099822,0.0
7.312674662270824,1.7713632570122286,4.200447954249477,4.41,0.5861862033074416,0.0,-0.021862914936311338,0.0
7.31486722387929,1.7713632570122286,4.2003866599426125,4.41,0.5554398827959172,0.0,-0.02099180460118553,0.0
7.327821488666777,1.7713632570122286,4.200056250267469,4.41,0.5248904858518374,0.0,-0.02020025656605912,0.0
7.3258720185068755,1.7713632570122286,4.200106586575684,4.41,0.49717371168889574,0.0,-0.0194845954004413,0.0
7.323767580658006,1.7713632570122286,4.20016092422822,4.41,0.46725366992740464,0.0,-0.018712044748028487,0.0
7.3216498659337965,1.7713632570122286,4.200215604696411,4.41,0.4371448629501359,0.0,-0.017934620082010754,0.0
7.3195967299312406,1.7713632570122286,4.200268617709257,4.41,0.4079542099824065,0.0,-0.017180902618166793,0.0
7.317252139961224,1.7713632570122286,4.200329156211356,4.41,0.3746197829979445,0.0,-0.016320190807670627,0.0
7.3152996957812455,1.7713632570122286,4.200379569310277,4.41,0.34686072542666685,0.0,-0.015603437863005323,0.0
7.3106480125608675,1.7713632570122286,4.200512538889213,4.41,0.3163194235277049,0.0,-0.014609967692901182,0.0
7.305437962314246,1.7713632570122286,4.200662630240862,4.41,0.28532631795894525,0.0,-0.013504024624396708,0.0
7.299727223545416,1.7713632570122286,4.200827791081704,4.41,0.2516516342618679,0.0,-0.012227689334476561,0.0
7.292876911075828,1.7713632570122286,4.201045527728708,4.41,0.22020974809801214,0.0,-0.010866403736495826,0.0
7.2846030885062545,1.7713632570122286,4.201309609136161,4.41,0.18249851990927107,0.0,-0.009118818824508657,0.0
7.279643701347811,1.7713632570122286,4.2014819520163,4.41,0.1632234531413358,0.0,-0.008121535752525255,0.0
7.271983834106682,1.7713632570122286,4.201748138853431,4.41,0.13345589136267005,0.0,-0.006508575904014994,0.0
7.262531934915935,1.7713632570122286,4.202098785918734,4.41,0.10009654371936444,0.0,-0.004517544364306993,0.0
7.252579159564985,1.7713632570122286,4.202481612139526,4.41,0.0667098738093615,0.0,-0.002355314444791954,0.0
7.243723014070787,1.7713632570122286,4.202841601986116,4.41,0.03909908253574146,0.0,-4.066920488486718E-4,0.0
7.231376423813579,1.7713632570122286,4.20336959120095,4.41,0.0027615610864245577,0.0,0.0023760885985126025,0.0
7.214285104769148,1.7713632570122286,4.204147061431364,4.41,-0.04424680850058815,0.0,0.0063620644209511044,0.0
7.210312164726875,1.7713632570122286,4.204332865131926,4.41,-0.0548522457880648,0.0,0.007317630186647078,0.0
7.192721960786986,1.7713632570122286,4.205211197759584,4.41,-0.09889327466331399,0.0,0.011595729229428205,0.0
7.184186609918049,1.7713632570122286,4.205657589417225,4.41,-0.11934744433228017,0.0,0.013730041358571008,0.0
7.1720187909516495,1.7713632570122286,4.20632044767478,4.41,-0.14747747550217372,0.0,0.01683071788308897,0.0
7.157696324040238,1.7713632570122286,4.207136104373939,4.41,-0.17933853732005645,0.0,0.020573718133835874,0.0
7.1433432919802655,1.7713632570122286,4.20799364866084,4.41,-0.21000597964984002,0.0,0.024419823743399797,0.0
7.128720496599968,1.7713632570122286,4.208908494707169,4.41,-0.2400987344512978,0.0,0.028433452573132803,0.0
7.108877945657549,1.7713632570122286,4.210212324637267,4.41,-0.27937415000254817,0.0,0.034034221370928285,0.0
7.095439537291903,1.7713632570122286,4.211142614649105,4.41,-0.30492234327716783,0.0,0.037915002567404335,0.0
7.0770151110674355,1.7713632570122286,4.212473352168346,4.41,-0.33885644704199336,0.0,0.04335643849726206,0.0
7.06131678808182,1.7713632570122286,4.213659410641684,4.41,-0.3668239523611323,0.0,0.04809604675560199,0.0
7.040922501428743,1.7713632570122286,4.215270206832168,4.41,-0.40201020401800047,0.0,0.05439161545303663,0.0
7.024485273017482,1.7713632570122286,4.216624127067074,4.41,-0.4295309361027523,0.0,0.059576837685900955,0.0
7.004693450001108,1.7713632570122286,4.218323628729352,4.41,-0.461713658630616,0.0,0.06594131328371022,0.0
6.9852809546399035,1.7713632570122286,4.220064475112458,4.41,-0.49234134658409967,0.0,0.07230524598726543,0.0
6.964349800710268,1.7713632570122286,4.222014106442557,4.41,-0.5245102675476775,0.0,0.07930620188909784,0.0
6.92137915396017,1.7713632570122286,4.226281443391722,4.41,-0.587747645249171,0.0,0.09406120353570485,0.0
6.919332527219916,1.7713632570122286,4.226495174872689,4.41,-0.590659068952595,0.0,0.09477390348307761,0.0
6.894346887751014,1.7713632570122286,4.229139321035603,4.41,-0.6258769978280675,0.0,0.10359323984246184,0.0
6.873943391035028,1.7713632570122286,4.231388051367717,4.41,-0.6538658213515315,0.0,0.11089912095834416,0.0
6.850773844681191,1.7713632570122286,4.234025104797541,4.41,-0.6849691913856136,0.0,0.11931670234681746,0.0
6.799796769132956,1.7713632570122286,4.24017140117209,4.41,-0.7508325041370404,0.0,0.13819836328220225,0.0
6.7991718670713555,1.7713632570122286,4.240249165333196,4.41,-0.7516225977889296,0.0,0.13843325850268107,0.0
6.769605106579023,1.7713632570122286,4.244022009667558,4.41,-0.788393816749871,0.0,0.14959555702183921,0.0
6.753609462979853,1.7713632570122286,4.246125967992376,4.41,-0.8078856477801597,0.0,0.1556873961921549,0.0
6.72746763909589,1.7713632570122286,4.249658000120634,4.41,-0.8391722832477848,0.0,0.16571393935929643,0.0
6.700608443099286,1.7713632570122286,4.253406608886656,4.41,-0.8706216002472446,0.0,0.17609395844631814,0.0
6.67249584698798,1.7713632570122286,4.257455460520418,4.41,-0.9028428942988567,0.0,0.18703165390668017,0.0
6.637895177042368,1.7713632570122286,4.262617109577441,4.41,-0.9415618967826289,0.0,0.20056292766365447,0.0
6.614510768910531,1.7713632570122286,4.266208898246063,4.41,-0.9672063989969473,0.0,0.209746726567861,0.0
6.585275686981281,1.7713632570122286,4.270819910876041,4.41,-0.9960047442540229,0.0,0.2208200800049783,0.0
6.554764527051614,1.7713632570122286,4.2757682612414785,4.41,-1.0020166960638457,0.0,0.22853483156446508,0.0
6.526828914213391,1.7713632570122286,4.280418263531903,4.41,-1.0038408788366935,0.0,0.2348578647519833,0.0
6.492298646082938,1.7713632570122286,4.286319847278574,4.41,-1.0061023254828199,0.0,0.24245935080266412,0.0
6.468316164234723,1.7713632570122286,4.290514135125878,4.41,-1.007679320964514,0.0,0.2475976651583869,0.0
6.436820344561074,1.7713632570122286,4.296143681408535,4.41,-1.0097633703423856,0.0,0.25415438955941594,0.0
6.408981283045094,1.7713632570122286,4.301224914518632,4.41,-1.0116189119347985,0.0,0.2597730912463027,0.0
6.378480667004567,1.7713632570122286,4.306902124530377,4.41,-1.0136698095704955,0.0,0.2657319544769581,0.0
6.34921717379872,1.7713632570122286,4.312453981277442,4.41,-1.0156584747457156,0.0,0.2712492637531462,0.0
6.3200225396352,1.7713632570122286,4.318094286664056,4.41,-1.0176673177817328,0.0,0.27654678935805893,0.0
6.291266239518251,1.7713632570122286,4.323741118399866,4.41,-1.01967160211653,0.0,0.2815658605300566,0.0
6.261413149835856,1.7713632570122286,4.329694826148209,4.41,-1.021782107882486,0.0,0.28656295642814006,0.0
6.2323414434894895,1.7713632570122286,4.335577865453291,4.41,-1.023869196397969,0.0,0.29121641219951855,0.0
6.201392209965353,1.7713632570122286,4.341930552926743,4.41,-1.0261298722458398,0.0,0.2959287673203025,0.0
6.173375764011808,1.7713632570122286,4.347755080115945,4.41,-1.028212499153586,0.0,0.2999797849919368,0.0
6.144408265413796,1.7713632570122286,4.353846280993956,4.41,-1.0304041045731818,0.0,0.30395117925703113,0.0
6.115547856403981,1.7713632570122286,4.359979910206058,4.41,-1.032628262098346,0.0,0.30768619891940724,0.0
6.085802438456642,1.7713632570122286,4.366364947130578,4.41,-1.0349655041854584,0.0,0.31129993273223877,0.0
6.057605571371617,1.7713632570122286,4.372473683810438,4.41,-1.037226340052017,0.0,0.3144958594512029,0.0
6.021250310162742,1.7713632570122286,4.380419695554207,4.41,-1.040205727560314,0.0,0.3182977459564633,0.0
5.99806991524375,1.7713632570122286,4.385525273941393,4.41,-1.0421469973504258,0.0,0.3205218969242822,0.0
5.968924709929549,1.7713632570122286,4.391980421154666,4.41,-1.044631616456229,0.0,0.32311108162418983,0.0
5.939553315974217,1.7713632570122286,4.398524081289809,4.41,-1.0471900133163567,0.0,0.32546776549034456,0.0
5.905803637574926,1.7713632570122286,4.406081586760307,4.41,-1.0501949655643201,0.0,0.3278776624081424,0.0
5.879874053691256,1.7713632570122286,4.411911987948644,4.41,-1.0525533906207039,0.0,0.32950466092376446,0.0
5.8507042024359,1.7713632570122286,4.418490684888375,4.41,-1.05525827805788,0.0,0.33110363812332266,0.0
5.8223483248565016,1.7713632570122286,4.4249013248638684,4.41,-1.0579416388346459,0.0,0.33241842125439397,0.0
5.792211331489912,1.7713632570122286,4.431725665360685,4.41,-1.0608509418987762,0.0,0.3335620553311488,0.0
5.762887503824762,1.7713632570122286,4.438371542744986,4.41,-1.0637382518956953,0.0,0.33442555633982685,0.0
5.733922179918122,1.7713632570122286,4.444936602573323,4.41,-1.066645940487815,0.0,0.33503283992330446,0.0
5.702266814882224,1.7713632570122286,4.452105612655398,4.41,-1.0698878969040952,0.0,0.3354123610084027,0.0
5.676590151348888,1.7713632570122286,4.457912036957188,4.41,-1.0725644549654185,0.0,0.3355116413679817,0.0
5.647042078835173,1.7713632570122286,4.464579574683735,4.41,-1.0756966921563493,0.0,0.33539247443431236,0.0
5.615600182152412,1.7713632570122286,4.471651973432423,4.41,-1.079090069634387,0.0,0.3349926110456595,0.0
5.588047272102987,1.7713632570122286,4.4778252048397595,4.41,-1.0821150095919057,0.0,0.3344074972265541,0.0
5.558888271332849,1.7713632570122286,4.484328901108774,4.41,-1.0853664975658797,0.0,0.33355488687476526,0.0
5.528245648066507,1.7713632570122286,4.491126299732112,4.41,-1.0888368644534914,0.0,0.33240604810829594,0.0
5.497337316292427,1.7713632570122286,4.497937857072664,4.41,-1.092391995448553,0.0,0.3309832545828189,0.0
5.439120632568174,1.7713632570122286,4.51062439744518,4.41,-1.0992315578314553,0.0,0.32758820227717705,0.0
5.4361136113020425,1.7713632570122286,4.5112745323196854,4.41,-1.0995893070999856,0.0,0.32738971629694125,0.0
5.4114348690343235,1.7713632570122286,4.516584314040803,4.41,-1.102545504942178,0.0,0.325655697145847,0.0
5.38399946189809,1.7713632570122286,4.522438280834947,4.41,-1.1058664141567411,0.0,0.32354090050269096,0.0
5.353261922192185,1.7713632570122286,4.52893199054263,4.41,-1.1096276796234166,0.0,0.32094279254922814,0.0
5.320468598107671,1.7713632570122286,4.535774045478685,4.41,-1.1136882315417589,0.0,0.31789308630606006,0.0
5.282850320167986,1.7713632570122286,4.543512552064966,4.41,-1.1183984212890838,0.0,0.3140691292161636,0.0
5.26528724424025,1.7713632570122286,4.547081352302556,4.41,-1.1206160798031657,0.0,0.3121626092489395,0.0
5.235627045213663,1.7713632570122286,4.553043409484107,4.41,-1.1243850208370891,0.0,0.30877645616194443,0.0
5.114208665801452,1.7713632570122286,4.576501470889294,4.41,-1.1400819142838172,0.0,0.2927725038274912,0.0
5.05847380275988,1.7713632570122286,4.5867118624149645,4.41,-1.147394587881756,0.0,0.2843397676454955,0.0
5.0575999018260065,1.7713632570122286,4.586869473194342,4.41,-1.1475094868528708,0.0,0.2842032123615897,0.0
5.056789476804561,1.7713632570122286,4.587015635893461,4.41,-1.1476160260754524,0.0,0.2840765732530952,0.0
5.055933275401922,1.7713632570122286,4.587169970095604,4.41,-1.1477285916292248,0.0,0.28394264122317775,0.0
5.055150666467757,1.7713632570122286,4.587309785174067,4.41,-1.1478318132482421,0.0,0.2838181816799212,0.0
5.029924846113081,1.7713632570122286,4.591795182589394,4.41,-1.1511575730924921,0.0,0.2797716348752832,0.0
4.98843423487271,1.7713632570122286,4.598996670588464,4.41,-1.1566409952871286,0.0,0.272842408059454,0.0
4.9697972752440505,1.7713632570122286,4.602156870308571,4.41,-1.1591080960191222,0.0,0.26962029367778895,0.0
4.940417179587291,1.7713632570122286,4.607045138636214,4.41,-1.1629995969253772,0.0,0.26441091547912887,0.0
4.911355860996914,1.7713632570122286,4.611764201168933,4.41,-1.1668495872053861,0.0,0.2591046322441669,0.0
4.868677992694249,1.7713632570122286,4.618479269753235,4.41,-1.1724995838404677,0.0,0.2510458688713719,0.0
4.850727987263722,1.7713632570122286,4.621226316604569,4.41,-1.1748728138635722,0.0,0.24756604339186652,0.0
4.820986669758604,1.7713632570122286,4.625673512235575,4.41,-1.1787991362290011,0.0,0.24168522391048639,0.0
4.787963714225794,1.7713632570122286,4.6304559690286435,4.41,-1.1831474871806105,0.0,0.2349929853291477,0.0
4.7623447108541574,1.7713632570122286,4.634054396356117,4.41,-1.186510422346276,0.0,0.22969071042402256,0.0
4.73235871256823,1.7713632570122286,4.638135737540151,4.41,-1.1904332777153983,0.0,0.2233632317890134,0.0
4.7025580303756565,1.7713632570122286,4.642052492560694,4.41,-1.1943152298717012,0.0,0.2169524861213223,0.0
4.6730819561275885,1.7713632570122286,4.645789098881265,4.41,-1.1981363207372857,0.0,0.2104979555940968,0.0
4.6426207024670845,1.7713632570122286,4.6495041693477335,4.41,-1.2020636468351742,0.0,0.20371403004738395,0.0
4.613040459829324,1.7713632570122286,4.652968894995067,4.41,-1.2058544204618276,0.0,0.19702216296591987,0.0
4.583341144254041,1.7713632570122286,4.6563037540887535,4.41,-1.2096358706313421,0.0,0.1902051323394509,0.0
4.527879490390432,1.7713632570122286,4.662143962142417,4.41,-1.216625424048007,0.0,0.17723154605411134,0.0
4.523121009708831,1.7713632570122286,4.662617655717238,4.41,-1.2172206345985517,0.0,0.17610259496639494,0.0
4.493106804091481,1.7713632570122286,4.665538105801962,4.41,-1.2209562478041702,0.0,0.1689448976179419,0.0
4.463740155157315,1.7713632570122286,4.668248433906009,4.41,-1.224580537326276,0.0,0.161865661757602,0.0
4.4220721198786235,1.7713632570122286,4.671844243832159,4.41,-1.2296682944581823,0.0,0.1517024770541333,0.0
4.405535043884133,1.7713632570122286,4.673186886467186,4.41,-1.2316691350096325,0.0,0.14763197974231493,0.0
4.374738676673942,1.7713632570122286,4.675563746597031,4.41,-1.235366346791155,0.0,0.1400018556459952,0.0
4.344394085927757,1.7713632570122286,4.677745943143873,4.41,-1.2389716991439406,0.0,0.13242390403592164,0.0
4.314572922304674,1.7713632570122286,4.679735507065967,4.41,-1.24247753062758,0.0,0.12492383865447418,0.0
4.284677497931089,1.7713632570122286,4.681574974144048,4.41,-1.2459541262201639,0.0,0.11735716940240058,0.0
4.251305192893327,1.7713632570122286,4.6834411887880565,4.41,-1.2497892921848126,0.0,0.10885871723955601,0.0
4.224680142306445,1.7713632570122286,4.684795562918581,4.41,-1.2528138258888033,0.0,0.10204508202964593,0.0
4.193302857733689,1.7713632570122286,4.686228061630598,4.41,-1.2563375819445726,0.0,0.0939795509671507,0.0
4.164397314777253,1.7713632570122286,4.687392050108771,4.41,-1.259544437573233,0.0,0.08651966507922772,0.0
4.131272107441388,1.7713632570122286,4.688550207556135,4.41,-1.2631726465678665,0.0,0.07794199998461751,0.0
4.037203188338757,1.7713632570122286,4.690782882229983,4.41,-1.2732013063877319,0.0,0.0534565336814476,0.0
4.035716883882116,1.7713632570122286,4.690806992646197,4.41,-1.2733564899552927,0.0,0.05306867132785183,0.0
4.034875494578205,1.7713632570122286,4.6908206414287354,4.41,-1.2734442935563068,0.0,0.052849103693806514,0.0
4.015492749282148,1.7713632570122286,4.691080508122327,4.41,-1.275457945427126,0.0,0.04778797381655585,0.0
3.98566351371659,1.7713632570122286,4.691351848934918,4.41,-1.278523099674773,0.0,0.03999358980897717,0.0
3.955582765757464,1.7713632570122286,4.6914649959980945,4.41,-1.2815727603028917,0.0,0.032129769586008355,0.0
3.925840846754744,1.7713632570122286,4.6914226839019415,4.41,-1.2845474578622442,0.0,0.0243541992733984,0.0
3.8961400353177362,1.7713632570122286,4.691228576150328,4.41,-1.2874780016150549,0.0,0.016592042428247262,0.0
3.8659561411218943,1.7713632570122286,4.690876081784583,4.41,-1.2904155333997864,0.0,0.008709298186051411,0.0
3.8221515660428973,1.7713632570122286,4.690074423865166,4.41,-1.2946447919029158,0.0,-7.858762429601429E-4,0.0
3.804720202218814,1.7713632570122286,4.689673513217677,4.41,-1.2962911466115667,0.0,-0.005489148133249813,0.0
3.775757375491303,1.7713632570122286,4.688925722002371,4.41,-1.2990364872981328,0.0,-0.011756234593590771,0.0
3.7441605683119747,1.7713632570122286,4.687979581221659,4.41,-1.3020273217702876,0.0,-0.017791087969316055,0.0
3.713747287401321,1.7713632570122286,4.686956854930486,4.41,-1.304878937370726,0.0,-0.023755258940872978,0.0
3.6843022293110543,1.7713632570122286,4.68584699348029,4.41,-1.3076119328364688,0.0,-0.02969804319370599,0.0
3.6537513399617327,1.7713632570122286,4.684572319482719,4.41,-1.3104166312425911,0.0,-0.0360398037663068,0.0
3.6269979627696203,1.7713632570122286,4.6833567190586844,4.41,-1.3128453395645967,0.0,-0.04173702670815008,0.0
3.595144858457909,1.7713632570122286,4.681762610458962,4.41,-1.3156997166815274,0.0,-0.048736023626734765,0.0
3.5668765251677765,1.7713632570122286,4.680236939882748,4.41,-1.3181981963337326,0.0,-0.05511257026864097,0.0
3.533004124737008,1.7713632570122286,4.678235784152298,4.41,-1.3211431564234775,0.0,-0.06301527438760034,0.0
3.5021432113953717,1.7713632570122286,4.676262335498736,4.41,-1.323777671267123,0.0,-0.07044648688084684,0.0
3.4756224417540924,1.7713632570122286,4.6744449262492225,4.41,-1.3260013671900686,0.0,-0.077022307458537,0.0
3.4454422743006017,1.7713632570122286,4.672235350851735,4.41,-1.32848292878149,0.0,-0.08472971270471252,0.0
3.415218109918117,1.7713632570122286,4.669871503955164,4.41,-1.3309122915700629,0.0,-0.09269123228470406,0.0
3.3857967289631934,1.7713632570122286,4.667406600444963,4.41,-1.3332172735414796,0.0,-0.10070944402565923,0.0
3.3521044676291485,1.7713632570122286,4.6643969771701865,4.41,-1.335780369013182,0.0,-0.11020234032111349,0.0
3.326468837792088,1.7713632570122286,4.661967791104033,4.41,-1.3376712434428146,0.0,-0.11766016894287508,0.0
3.2953119590117717,1.7713632570122286,4.658835467571014,4.41,-1.339892389811445,0.0,-0.12703331737480042,0.0
3.266059492882704,1.7713632570122286,4.6557197588459385,4.41,-1.341896250157819,0.0,-0.13613841777185312,0.0
3.2364950879591348,1.7713632570122286,4.652393478361904,4.41,-1.3438344364210253,0.0,-0.1456546573665798,0.0
3.2068646756181094,1.7713632570122286,4.648867635586526,4.41,-1.3456800987656572,0.0,-0.1555381243590941,0.0
3.1778730223274523,1.7713632570122286,4.645222251310959,4.41,-1.347383071596124,0.0,-0.1655668322277323,0.0
3.145442604436605,1.7713632570122286,4.640917321624606,4.41,-1.3491585956861756,0.0,-0.17720791988275586,0.0
3.1164049429526135,1.7713632570122286,4.636844407567976,4.41,-1.3506198101614493,0.0,-0.18804469279020322,0.0
3.0858769309843255,1.7713632570122286,4.632334163433821,4.41,-1.3520131030096527,0.0,-0.1998772881273545,0.0
3.040997182333523,1.7713632570122286,4.625254756370211,4.41,-1.3537640574445402,0.0,-0.21815393291863527,0.0
3.0127237764078876,1.7713632570122286,4.620506251495712,4.41,-1.354664204230799,0.0,-0.23024561905328883,0.0
2.997962579112889,1.7713632570122286,4.617934987003454,4.41,-1.3550658395869153,0.0,-0.23674590288126954,0.0
2.9695125263060644,1.7713632570122286,4.612793661333839,4.41,-1.3556966880471741,0.0,-0.24965668938582727,0.0
2.9401415909847013,1.7713632570122286,4.607221311675185,4.41,-1.3561340054743902,0.0,-0.2635376833914774,0.0
2.9102218460661833,1.7713632570122286,4.60125727927129,4.41,-1.3563336659669418,0.0,-0.2782873664116371,0.0
2.882859904959771,1.7713632570122286,4.595527612504126,4.41,-1.3562723025482908,0.0,-0.29236968850043354,0.0
2.8519161158796154,1.7713632570122286,4.588717464665791,4.41,-1.3558924052220862,0.0,-0.30901838445991486,0.0
2.822864172268611,1.7713632570122286,4.5820005469758565,4.41,-1.3552092131922273,0.0,-0.32536483130790117,0.0
2.7938378446164416,1.7713632570122286,4.574948067720187,4.41,-1.3541686315972523,0.0,-0.3424650402126672,0.0
2.764729871558384,1.7713632570122286,4.567516027092782,4.41,-1.3527257339128993,0.0,-0.3604329264244373,0.0
2.7364871178487595,1.7713632570122286,4.559947501226662,4.41,-1.3509034007331966,0.0,-0.3786898191372417,0.0
2.7072265119547594,1.7713632570122286,4.551701723220794,4.41,-1.3485175886577896,0.0,-0.39854801335351964,0.0
2.677390096836252,1.7713632570122286,4.542850332368642,4.41,-1.3455040680866752,0.0,-0.41984011803191745,0.0
2.6499172953542307,1.7713632570122286,4.534284474951645,4.41,-1.3421513687469506,0.0,-0.44042984200834234,0.0
2.587800458759569,1.7713632570122286,4.513274670690518,4.41,-1.3321325972786735,0.0,-0.49090753191633657,0.0
2.58656347633073,1.7713632570122286,4.512831420794024,4.41,-1.3318940919270166,0.0,-0.49197231358489846,0.0
2.5572661675818606,1.7713632570122286,4.502038731069036,4.41,-1.3257488491422256,0.0,-0.5178934417265182,0.0
2.536149395587205,1.7713632570122286,4.493889084486168,4.41,-1.320679427543094,0.0,-0.5374585128603634,0.0
2.503430996282006,1.7713632570122286,4.480577250790613,4.41,-1.3116037267456357,0.0,-0.569396850084382,0.0
2.4757513927194754,1.7713632570122286,4.468639693027621,4.41,-1.2773509847049507,0.0,-0.5868671828472521,0.0
2.4548826166735402,1.7713632570122286,4.459184508463389,4.41,-1.2484977345926318,0.0,-0.5992573387007691,0.0
2.4289965415987576,1.7713632570122286,4.44689310570794,4.41,-1.211332061080233,0.0,-0.6145301914606441,0.0
2.403719948392332,1.7713632570122286,4.434218317151092,4.41,-1.1733996242552334,0.0,-0.6292844623300111,0.0
2.379674691822402,1.7713632570122286,4.421515291962657,4.41,-1.1358636295794091,0.0,-0.6430725197757382,0.0
2.355938656330913,1.7713632570122286,4.40829081900419,4.41,-1.098953102051302,0.0,-0.6572825909774208,0.0
2.3323337917967986,1.7713632570122286,4.3944238257771975,4.41,-1.0631271790277288,0.0,-0.6724497185199158,0.0
2.3112642173113227,1.7713632570122286,4.381376619040125,4.41,-1.0321747608278455,0.0,-0.6871704970907452,0.0
2.289383049204763,1.7713632570122286,4.3671227951952085,4.41,-1.0013703059335737,0.0,-0.7039081372101833,0.0
2.2692831391986776,1.7713632570122286,4.353341315053381,4.41,-0.9746954181613791,0.0,-0.7210010149055615,0.0
2.243162948907583,1.7713632570122286,4.334362283067998,4.41,-0.9387386926781652,0.0,-0.7431778452697022,0.0
2.2286996333367197,1.7713632570122286,4.3232954440181555,4.41,-0.9090543402719842,0.0,-0.7482008122790987,0.0
2.2108618170053895,1.7713632570122286,4.3090636051910485,4.41,-0.871544014153793,0.0,-0.7530144031193348,0.0
2.1919983583374973,1.7713632570122286,4.2932800939273355,4.41,-0.8309285721850016,0.0,-0.756091715952767,0.0
2.17471662555151,1.7713632570122286,4.278122614009918,4.41,-0.7930418632648109,0.0,-0.7566921388275477,0.0
2.156474588959605,1.7713632570122286,4.2613711497971,4.41,-0.7526366144270149,0.0,-0.7545200219591539,0.0
2.142412435687304,1.7713632570122286,4.247930567102121,4.41,-0.721467600822878,0.0,-0.7505254604680831,0.0
2.1276030855428103,1.7713632570122286,4.23327863880268,4.41,-0.6889276091755763,0.0,-0.7437431997947404,0.0
2.114835882636053,1.7713632570122286,4.220259866381298,4.41,-0.6613957133962053,0.0,-0.7354945541654003,0.0
2.1004045848674795,1.7713632570122286,4.205142317505657,4.41,-0.6312557610684776,0.0,-0.7230814054874545,0.0
2.072463340432442,1.7713632570122286,4.174956609524827,4.41,-0.5776908049658517,0.0,-0.6882804334703922,0.0
2.0715398834294954,1.7713632570122286,4.173945697136589,4.41,-0.5760590195981972,0.0,-0.6868685166708928,0.0
2.0540012011912183,1.7713632570122286,4.154710017361327,4.41,-0.5473659956309178,0.0,-0.6562511064363179,0.0
2.052088392648795,1.7713632570122286,4.1526174076355975,4.41,-0.5445246702535611,0.0,-0.6524572659710038,0.0
2.0408047657879047,1.7713632570122286,4.140345556063085,4.41,-0.5288832926143113,0.0,-0.6283723017409545,0.0
2.029883936505001,1.7713632570122286,4.128672179030604,4.41,-0.5157610421259116,0.0,-0.6020107399297969,0.0
2.0178422026639784,1.7713632570122286,4.1161755269519835,4.41,-0.5035838823026105,0.0,-0.569364836705938,0.0
2.007594576420493,1.7713632570122286,4.105962484141302,4.41,-0.4949119564153587,0.0,-0.5386624049638331,0.0
1.9981657084265083,1.7713632570122286,4.096990966342351,4.41,-0.48801331832604156,0.0,-0.5081281711638191,0.0
1.9876397405920088,1.7713632570122286,4.087550228776045,4.41,-0.4811058149250622,0.0,-0.47157228444917887,0.0
1.9720016681305734,1.7713632570122286,4.074786660435694,4.41,-0.4708612721669645,0.0,-0.4132292172709257,0.0
1.968179148910594,1.7713632570122286,4.071920296470079,4.41,-0.4681051785752578,0.0,-0.3983627991273195,0.0
1.9577379537199644,1.7713632570122286,4.06459234293834,4.41,-0.4594317166227381,0.0,-0.3570544440039833,0.0
1.9487531295607723,1.7713632570122286,4.058904817657752,4.41,-0.4501252195208615,0.0,-0.3210451751726124,0.0
1.9395269829010664,1.7713632570122286,4.053654764789637,4.41,-0.4381748391750241,0.0,-0.2842212512278631,0.0
1.9297924237205737,1.7713632570122286,4.048759879799063,4.41,-0.42233002454982144,0.0,-0.24618429869184463,0.0
1.9214154302874724,1.7713632570122286,4.045059110155031,4.41,-0.40560183320157644,0.0,-0.21466193012265702,0.0
1.9130922675631683,1.7713632570122286,4.041844047427782,4.41,-0.38574645308787536,0.0,-0.18488116478623176,0.0
1.9056405195059436,1.7713632570122286,4.039323912227003,4.41,-0.3649951840151197,0.0,-0.15984262697985804,0.0
1.8984645153825428,1.7713632570122286,4.03722059995627,4.41,-0.3419603558319611,0.0,-0.1373817008607166,0.0
1.8913931228700778,1.7713632570122286,4.035432917808752,4.41,-0.3159950060683484,0.0,-0.11700591012236879,0.0
1.8853474921108246,1.7713632570122286,4.034118118850353,4.41,-0.290802110192728,0.0,-0.10106495798907847,0.0
1.8794134522818724,1.7713632570122286,4.033011554783275,4.41,-0.2628169436296569,0.0,-0.08680877340987005,0.0
1.8745786345084747,1.7713632570122286,4.032249055652249,4.41,-0.23672098133143762,0.0,-0.07621119377717987,0.0
1.8696043159503541,1.7713632570122286,4.031576167085676,4.41,-0.20610332846391524,0.0,-0.06631199687211958,0.0
1.8657205542955753,1.7713632570122286,4.031130335659807,4.41,-0.17829515995083095,0.0,-0.059273736114778805,0.0
1.862092357395453,1.7713632570122286,4.030776607813046,4.41,-0.14735657981328357,0.0,-0.05319912661064144,0.0
1.8595219036319566,1.7713632570122286,4.030563362684165,4.41,-0.11983423060231005,0.0,-0.04906243690249558,0.0
1.8573282602015395,1.7713632570122286,4.030396256748294,4.41,-0.09022145574764912,0.0,-0.045565585681690356,0.0
1.856179179004864,1.7713632570122286,4.030324787196204,4.41,-0.058009368936164124,0.0,-0.04276317056445487,0.0
1.8539900228810147,1.7713632570122286,4.030188627969092,4.41,0.0034235660904866775,0.0,-0.03828560808602028,0.0
1.853940566332815,1.7713632570122286,4.030185551913755,4.41,0.004812319596831011,0.0,-0.03819750972093017,0.0
1.8507727935992284,1.7713632570122286,4.030020087619949,4.41,0.029516486496116275,0.0,-0.03743716735921433,0.0
1.8518420311653974,1.7713632570122286,4.030047880859806,4.41,0.05947532704255926,0.0,-0.03665843186814028,0.0
1.8529270591597584,1.7713632570122286,4.030076084548354,4.41,0.08987659772365206,0.0,-0.03586819606390685,0.0
1.8540338743039513,1.7713632570122286,4.0301000814825105,4.41,0.11784231185743753,0.0,-0.0352774118524563,0.0
1.8567843995586952,1.7713632570122286,4.03010113608978,4.41,0.1499464565913333,0.0,-0.03707213985522979,0.0
1.8598737916207841,1.7713632570122286,4.030047462595938,4.41,0.18011755590380965,0.0,-0.040359516553115066,0.0
1.8635957344318643,1.7713632570122286,4.029904212787617,4.41,0.21055467926661334,0.0,-0.04564910760586885,0.0
1.8678353419632396,1.7713632570122286,4.0296338954170965,4.41,0.2402286092262768,0.0,-0.05302948791844959,0.0
1.8727686965525832,1.7713632570122286,4.029182624319929,4.41,0.2703919031845583,0.0,-0.06306558958744643,0.0
1.87896684634015,1.7713632570122286,4.028388358046695,4.41,0.3032030807870127,0.0,-0.07735021568653846,0.0
1.884344801266314,1.7713632570122286,4.027522686472741,4.41,0.32858310697507737,0.0,-0.09101479364872175,0.0
1.8911205347046547,1.7713632570122286,4.02617767209256,4.41,0.3570857105040194,0.0,-0.10946930404795005,0.0
1.8983138849093688,1.7713632570122286,4.024467045861216,4.41,0.3840907835584811,0.0,-0.13029044502456152,0.0
1.9058823487386785,1.7713632570122286,4.022356127114078,4.41,0.4094858352143043,0.0,-0.15319816241627693,0.0
1.914950186815039,1.7713632570122286,4.019415820429269,4.41,0.4365271038751652,0.0,-0.18157265559523847,0.0
1.9221744802391834,1.7713632570122286,4.016765998947544,4.41,0.4558645240168565,0.0,-0.20466684155701376,0.0
1.9315454775300687,1.7713632570122286,4.012935162825114,4.41,0.4784871259322391,0.0,-0.2349854195426772,0.0
1.940487766652162,1.7713632570122286,4.008881949487088,4.41,0.49787718330108743,0.0,-0.2640873789368871,0.0
1.9506778628233574,1.7713632570122286,4.003789104814207,4.41,0.5177657321135914,0.0,-0.29715353808506567,0.0
1.9612121255950852,1.7713632570122286,3.9980434422796547,4.41,0.536282838067949,0.0,-0.3311592660845694,0.0
1.970805661132915,1.7713632570122286,3.9923747782171093,4.41,0.5516355639149985,0.0,-0.3617374181253032,0.0
1.9814844391221835,1.7713632570122286,3.985626584423184,4.41,0.5673151976251527,0.0,-0.395365894173023,0.0
1.9928155887830457,1.7713632570122286,3.977952066682158,4.41,0.5826195630121244,0.0,-0.43038766573466836,0.0
2.0042636709181485,1.7713632570122286,3.9697029091962768,4.41,0.5969337200952815,0.0,-0.4651049850339797,0.0
2.019023664896326,1.7713632570122286,3.9583715254955667,4.41,0.6140232119670008,0.0,-0.5088467377795279,0.0
2.0276743686975283,1.7713632570122286,3.951373284557351,4.41,0.6234722492001359,0.0,-0.5339097319083892,0.0
2.0395685365406497,1.7713632570122286,3.9413473210972745,4.41,0.6359105048143339,0.0,-0.5677060445201652,0.0
2.0517869636961237,1.7713632570122286,3.9305840324774004,4.41,0.6481446460294307,0.0,-0.601639715957513,0.0
2.064396255657835,1.7713632570122286,3.9190106581417625,4.41,0.6603141482485415,0.0,-0.6358522970622456,0.0
2.1075823599363313,1.7713632570122286,3.876124198888091,4.41,0.699792449366939,0.0,-0.7471355800413355,0.0
2.114018997989588,1.7713632570122286,3.869342027223954,4.41,0.7055022588341523,0.0,-0.762983689036166,0.0
2.11470298569446,1.7713632570122286,3.868614406291007,4.41,0.706109878503861,0.0,-0.7646525673112575,0.0
2.119479872889014,1.7713632570122286,3.8635132693002325,4.41,0.7103313767182534,0.0,-0.7762792176426527,0.0
2.130183952771863,1.7713632570122286,3.8519088844042235,4.41,0.7197501921026658,0.0,-0.8019865432031607,0.0
2.1436670552448645,1.7713632570122286,3.836955496000815,4.41,0.7315838366033035,0.0,-0.8336677200488031,0.0
2.157027985444372,1.7713632570122286,3.8217934605706874,4.41,0.7433122609258214,0.0,-0.8643172562934242,0.0
2.171168148240807,1.7713632570122286,3.8054016295480344,4.41,0.7557658780347836,0.0,-0.89596831641724,0.0
2.1864407302786284,1.7713632570122286,3.7873341307685076,4.41,0.7692976542316837,0.0,-0.9292815125163346,0.0
2.2010711616218503,1.7713632570122286,3.7697051147624983,4.41,0.7823721838209249,0.0,-0.960367091502267,0.0
2.2174710275043923,1.7713632570122286,3.749598832387944,4.41,0.7972130411130978,0.0,-0.9942372261374686,0.0
2.2317863252748382,1.7713632570122286,3.7317878225837866,4.41,0.8103417528876713,0.0,-1.0229992534506596,0.0
2.255933285938622,1.7713632570122286,3.7012623057303666,4.41,0.8329374536949298,0.0,-1.069812511156209,0.0
2.334492749385155,1.7713632570122286,3.5990887512744245,4.41,0.9114790121553241,0.0,-1.2074256710870608,0.0
2.337787065273943,1.7713632570122286,3.5947471852414505,4.41,0.9149690628494666,0.0,-1.2127090942770158,0.0
2.3421954599777934,1.7713632570122286,3.588933161270328,4.41,0.919674301813576,0.0,-1.2197027980569406,0.0
2.3433161796054636,1.7713632570122286,3.5874543499969254,4.41,0.9208780566334862,0.0,-1.221464445443986,0.0
2.3440556402570034,1.7713632570122286,3.5864785151537513,4.41,0.9216733061629229,0.0,-1.222624588444773,0.0
2.3446195330579434,1.7713632570122286,3.5857343697528754,4.41,0.9222796763150798,0.0,-1.2235093294717871,0.0
2.3619821465641646,1.7713632570122286,3.5628048477086813,4.41,0.9412127391741109,0.0,-1.2501871688986623,0.0
2.381032359869047,1.7713632570122286,3.5376374256670995,4.41,0.9626360243841567,0.0,-1.2781135489248543,0.0
2.4039748129318657,1.7713632570122286,3.5073835315301225,4.41,0.9704331513036842,0.0,-1.2848490108335715,0.0
2.417142082110114,1.7713632570122286,3.490077760826594,4.41,0.9734566160910274,0.0,-1.285281563366815,0.0
2.433696829846075,1.7713632570122286,3.4684114461798963,4.41,0.9780192218710495,0.0,-1.28522834837481,0.0
2.4518129320436715,1.7713632570122286,3.4448499605033382,4.41,0.9839607466845237,0.0,-1.2844115842320438,0.0
2.4705260800485376,1.7713632570122286,3.420716659386428,4.41,0.9911515698191663,0.0,-1.2827043031687593,0.0
2.4899690793058165,1.7713632570122286,3.395908729614563,4.41,0.9924305734438765,0.0,-1.270638779126388,0.0
2.507600232123482,1.7713632570122286,3.373686181788896,4.41,0.9832166149793745,0.0,-1.244723188850369,0.0
2.526534763277303,1.7713632570122286,3.3501541216700166,4.41,0.9738405483014786,0.0,-1.2158734744954263,0.0
2.5440156338031596,1.7713632570122286,3.3287707447751105,4.41,0.9656201444904821,0.0,-1.1883118222544575,0.0
2.5622131026790087,1.7713632570122286,3.3068998666561837,4.41,0.9574741044273776,0.0,-1.1586675193259075,0.0
2.5791690525042004,1.7713632570122286,3.2869074590486544,4.41,0.950218362806324,0.0,-1.1301783946015107,0.0
2.596125988530915,1.7713632570122286,3.2673206640435715,4.41,0.9432567353391736,0.0,-1.100834790906356,0.0
2.6135085972199588,1.7713632570122286,3.2476966777168634,4.41,0.9363900457278287,0.0,-1.0698562633287452,0.0
2.6302835626830716,1.7713632570122286,3.2292208609822994,4.41,0.9299761881707365,0.0,-1.0390942144561792,0.0
2.6477067419848628,1.7713632570122286,3.2105532165976225,4.41,0.9235103394259108,0.0,-1.0061969144807057,0.0
2.672579426836124,1.7713632570122286,3.18487561626921,4.41,0.9144990371752071,0.0,-0.9575487945415428,0.0
2.6810337718456734,1.7713632570122286,3.1764248728273357,4.41,0.9114724063324878,0.0,-0.9405426609579852,0.0
2.697859960321308,1.7713632570122286,3.1600402865601356,4.41,0.9054474968954779,0.0,-0.9059792549491718,0.0
2.712785579422826,1.7713632570122286,3.1460176257632964,4.41,0.9000675678762501,0.0,-0.8744800335675327,0.0
2.7288822361302234,1.7713632570122286,3.1314651277207557,4.41,0.8941707807292721,0.0,-0.8395774485277503,0.0
2.750849651328077,1.7713632570122286,3.1125820781042726,4.41,0.8857720896473843,0.0,-0.7903933189519636,0.0
2.7635034810443635,1.7713632570122286,3.102252744187922,4.41,0.8806793363412997,0.0,-0.7611882541203732,0.0
2.7759638864454135,1.7713632570122286,3.092474127139646,4.41,0.8753889534112804,0.0,-0.731828339423344,0.0
2.791364048369877,1.7713632570122286,3.080969807317268,4.41,0.8684086074104438,0.0,-0.6946347647488674,0.0
2.807585792172135,1.7713632570122286,3.0695562068163165,4.41,0.8603521531197561,0.0,-0.6544032055168485,0.0
2.8230778945024517,1.7713632570122286,3.0593541750852573,4.41,0.851798355265808,0.0,-0.614979192196851,0.0
2.836747188134893,1.7713632570122286,3.050948022403637,4.41,0.8433946127226372,0.0,-0.5793698171849271,0.0
2.8531735985154985,1.7713632570122286,3.0415929157673305,4.41,0.8319681412313058,0.0,-0.5356567179853355,0.0
2.8662956169770846,1.7713632570122286,3.034743709953346,4.41,0.8216020976279773,0.0,-0.5000161187562677,0.0
2.8808432662813854,1.7713632570122286,3.0278005269986172,4.41,0.8085500910532887,0.0,-0.459914027151313,0.0
2.899741719915939,1.7713632570122286,3.019847699953929,4.41,0.7896465569623379,0.0,-0.40750657870549245,0.0
2.92019974169749,1.7713632570122286,3.012639034172282,4.41,0.7705301108866187,0.0,-0.35223704435871134,0.0
2.920776346522004,1.7713632570122286,3.0124553558988643,4.41,0.7700103644678891,0.0,-0.3507054934616005,0.0
2.9338606396498905,1.7713632570122286,3.0086785304578516,4.41,0.7589264955424738,0.0,-0.31616913147873954,0.0
2.9478808944042054,1.7713632570122286,3.0053367396712174,4.41,0.7480045181042364,0.0,-0.2797618340876608,0.0
2.9597842215476584,1.7713632570122286,3.003084823113289,4.41,0.7395404273283956,0.0,-0.24925961024225196,0.0
2.97168263658563,1.7713632570122286,3.0014032279565415,4.41,0.7319362214357056,0.0,-0.21903188419694292,0.0
2.983757626152903,1.7713632570122286,3.0003085347234766,4.41,0.7406250850840045,0.0,-0.193084822223069,0.0
3.0135130083389154,1.7713632570122286,2.998696830781852,4.41,0.8130815659148627,0.0,-0.17663226227089812,0.0
3.0142890197794774,1.7713632570122286,2.9986567718153014,4.41,0.8148556107274435,0.0,-0.17673933297807698,0.0
3.0237060391218282,1.7713632570122286,2.998168689068561,4.41,0.835925153085377,0.0,-0.17801814452209108,0.0
3.0386510035955654,1.7713632570122286,2.99738893041654,4.41,0.8682277004309714,0.0,-0.1800026334614992,0.0
3.0528894192665543,1.7713632570122286,2.9966405928377835,4.41,0.8978934831079369,0.0,-0.18184973858179151,0.0
3.069485864589113,1.7713632570122286,2.9957613017351394,4.41,0.9311605871625589,0.0,-0.1839478387597851,0.0
3.0854229946454064,1.7713632570122286,2.994910527752664,4.41,0.9619965162921689,0.0,-0.18591632204441216,0.0
3.1037047707227874,1.7713632570122286,2.993927036015668,4.41,0.9961492529824999,0.0,-0.18812110054541126,0.0
3.1205070003814828,1.7713632570122286,2.993016419456304,4.41,1.026516820383984,0.0,-0.190101166351738,0.0
3.1382988782214203,1.7713632570122286,2.992045347872734,4.41,1.0576903304559635,0.0,-0.19215054320690395,0.0
3.159552494677969,1.7713632570122286,2.9908764748909253,4.41,1.0937113095488815,0.0,-0.19453588150008108,0.0
3.177820503535813,1.7713632570122286,2.9898648973669992,4.41,1.123757262269939,0.0,-0.19653690944105465,0.0
3.1965734600166233,1.7713632570122286,2.9888201107415577,4.41,1.153779377201035,0.0,-0.19854317221261336,0.0
3.2255934444364387,1.7713632570122286,2.987191674751914,4.41,1.1987559418535403,0.0,-0.20155393365472518,0.0
3.237395730040982,1.7713632570122286,2.9865257369085896,4.41,1.2165821759770268,0.0,-0.20274667415011163,0.0
3.2598529582318494,1.7713632570122286,2.985253088254627,4.41,1.2497913408747183,0.0,-0.2049626839206051,0.0
3.281248871951486,1.7713632570122286,2.984034629819543,4.41,1.280642414735254,0.0,-0.20701006494764124,0.0
3.3040118089171693,1.7713632570122286,2.98273279974397,4.41,1.3126937769403333,0.0,-0.20911966151531575,0.0
3.343611965543539,1.7713632570122286,2.980456735686609,4.41,1.3666939350094298,0.0,-0.21261182790514727,0.0
3.352586875433162,1.7713632570122286,2.979939319601343,4.41,1.3786495145028383,0.0,-0.21337148439359974,0.0
3.376043893401309,1.7713632570122286,2.978584948229502,4.41,1.4094391814060017,0.0,-0.21529957086806945,0.0
3.4012716349295644,1.7713632570122286,2.9771259609164447,4.41,1.4418505680344234,0.0,-0.21727702903255947,0.0
3.428964523421094,1.7713632570122286,2.975523119402333,4.41,1.4766402217472907,0.0,-0.21932603791349567,0.0
3.4695574957154314,1.7713632570122286,2.973174964095957,4.41,1.5262895798800815,0.0,-0.2220894249094844,0.0
3.488764240085013,1.7713632570122286,2.9720660254181723,4.41,1.5492559680995703,0.0,-0.22328946879851883,0.0
3.5166803858330593,1.7713632570122286,2.9704584838395647,4.41,1.5820812387818983,0.0,-0.22490306348510336,0.0
3.538842311892131,1.7713632570122286,2.969187070970601,4.41,1.6077048324466778,0.0,-0.2260696424979479,0.0
3.567060553481772,1.7713632570122286,2.9675766133955808,4.41,1.6397835074512919,0.0,-0.22739259880813953,0.0
3.596534329474973,1.7713632570122286,2.9659066916618175,4.41,1.672696073312541,0.0,-0.22857303765499948,0.0
3.6259815834257783,1.7713632570122286,2.964254240868017,4.41,1.6831233299435189,0.0,-0.22830055454970333,0.0
3.655511677946929,1.7713632570122286,2.9626160475536247,4.41,1.6861337345254963,0.0,-0.2274313166598621,0.0
3.685186320675334,1.7713632570122286,2.9609927753353675,4.41,1.6717915507152292,0.0,-0.22541867045746372,0.0
3.715232850712503,1.7713632570122286,2.9593768904389517,4.41,1.6441528011358937,0.0,-0.2224958297650762,0.0
3.7429950673843395,1.7713632570122286,2.9579123080037233,4.41,1.6180354904013052,0.0,-0.21961684018107908,0.0
3.771688240890459,1.7713632570122286,2.956431516375343,4.41,1.5904201658838644,0.0,-0.21645444906139405,0.0
3.8051831583595206,1.7713632570122286,2.954752544619911,4.41,1.557309520527022,0.0,-0.21250421667013164,0.0
3.8259870215797047,1.7713632570122286,2.9537395744861223,4.41,1.536248513821496,0.0,-0.20990819466677746,0.0
3.85194503801127,1.7713632570122286,2.952512113634145,4.41,1.5093939071004767,0.0,-0.20650574645101258,0.0
3.8773217822427455,1.7713632570122286,2.9513558932229533,4.41,1.4824792047178792,0.0,-0.20299427324008523,0.0
3.903598146871336,1.7713632570122286,2.9502090397176164,4.41,1.453880531529812,0.0,-0.19915882655384387,0.0
3.9284531445036444,1.7713632570122286,2.94917811122801,4.41,1.426077937143197,0.0,-0.19532591389063342,0.0
3.9511704906880665,1.7713632570122286,2.9482856467660667,4.41,1.3999960975555132,0.0,-0.19164524860703458,0.0
4.0165406072185235,1.7713632570122286,2.9460398774395746,4.41,1.3208176386583481,0.0,-0.1799664092700504,0.0
4.017384933357071,1.7713632570122286,2.946014754817712,4.41,1.3197471218705514,0.0,-0.17980230852839935,0.0
4.020728377483967,1.7713632570122286,2.945915271835148,4.41,1.315507749356276,0.0,-0.17915520734417098,0.0
4.040609775921731,1.7713632570122286,2.945356455512502,4.41,1.2899072893433712,0.0,-0.17521108326905532,0.0
4.061571797882917,1.7713632570122286,2.9448365992389913,4.41,1.2620997691009792,0.0,-0.17084205820410697,0.0
4.08372097975166,1.7713632570122286,2.9443717516910173,4.41,1.2317441248838361,0.0,-0.16598100413414404,0.0
4.105991780804348,1.7713632570122286,2.944004571034707,4.41,1.2000907444429978,0.0,-0.16080531124917982,0.0
4.121842717510548,1.7713632570122286,2.943811868888953,4.41,1.176801290052056,0.0,-0.15692830113097214,0.0
4.140302153718243,1.7713632570122286,2.9436666045657875,4.41,1.148815680986148,0.0,-0.15219843194570465,0.0
4.158281024798106,1.7713632570122286,2.94361845262272,4.41,1.1205552727755057,0.0,-0.1473357590325952,0.0
4.174999135704692,1.7713632570122286,2.9436648200962576,4.41,1.0933096949454528,0.0,-0.14257306556271063,0.0
4.192581352126869,1.7713632570122286,2.9438219214364696,4.41,1.0635214670052109,0.0,-0.1372765465396703,0.0
4.208471751663887,1.7713632570122286,2.9440722327565183,4.41,1.0354783922971345,0.0,-0.13220419838848,0.0
4.223285690953241,1.7713632570122286,2.944410125525556,4.41,1.0082640983514959,0.0,-0.12720435538859493,0.0
4.238678262302476,1.7713632570122286,2.944883610563579,4.41,0.978744592008614,0.0,-0.12169099933947736,0.0
4.254169587469309,1.7713632570122286,2.94550615680087,4.41,0.9475662501192416,0.0,-0.11575886231716272,0.0
4.26851201383592,1.7713632570122286,2.946233227304603,4.41,0.9171943239011122,0.0,-0.10987488551638361,0.0
4.2798209116015205,1.7713632570122286,2.9469249756657443,4.41,0.8920687200781994,0.0,-0.10492722200141696,0.0
4.294814621089369,1.7713632570122286,2.9480335468974292,4.41,0.8568612693714568,0.0,-0.0978570211360095,0.0
4.304533071194875,1.7713632570122286,2.9488894183471883,4.41,0.8326839096627967,0.0,-0.09290075005175595,0.0
4.315443689460272,1.7713632570122286,2.9499997514179235,4.41,0.8040621909575033,0.0,-0.08694236784409036,0.0
4.333209045310401,1.7713632570122286,2.9522384053719386,4.41,0.7531812937580143,0.0,-0.07602643563354539,0.0
4.33636984252977,1.7713632570122286,2.952703738638957,4.41,0.743457920253797,0.0,-0.07389773718906055,0.0
4.345783370807969,1.7713632570122286,2.9542373992507516,4.41,0.7130038914688928,0.0,-0.0671439293526536,0.0
4.35467098585972,1.7713632570122286,2.955934429437242,4.41,0.6816964596277574,0.0,-0.060018418783825245,0.0
4.36265928900954,1.7713632570122286,2.957718025348435,4.41,0.6508429102549582,0.0,-0.052860801253033524,0.0
4.371088685431751,1.7713632570122286,2.959951885189483,4.41,0.6144609630323954,0.0,-0.044276184321779946,0.0
4.376960392298785,1.7713632570122286,2.961794322587277,4.41,0.5858678687769092,0.0,-0.037480913063446794,0.0
4.383077436813276,1.7713632570122286,2.9640629166860544,4.41,0.5518910297365884,0.0,-0.02947774441150912,0.0
4.388374146472306,1.7713632570122286,2.966431361956381,4.41,0.5173077090872248,0.0,-0.02172525930804793,0.0
4.393220457709698,1.7713632570122286,2.969116126906994,4.41,0.4785173463245302,0.0,-0.013972083252365791,0.0
4.398893094887844,1.7713632570122286,2.9733843591419213,4.41,0.4163192702962882,0.0,-0.006496055840982701,0.0
4.4004570462762524,1.7713632570122286,2.974970633946637,4.41,0.39319681926879313,0.0,-0.0060585691053682555,0.0
4.4024073884990695,1.7713632570122286,2.977466376511112,4.41,0.36038239042383025,0.0,-0.0051112315186674084,0.0
4.403982163711095,1.7713632570122286,2.980419690286101,4.41,0.326672589701027,0.0,-0.0020131858322346707,0.0
4.404828014723079,1.7713632570122286,2.983167373865762,4.41,0.2984660772016467,0.0,0.003154318621740926,0.0
4.405132694711103,1.7713632570122286,2.9863334094757663,4.41,0.26750997920761926,0.0,0.012209426205488788,0.0
4.404816470575152,1.7713632570122286,2.989469194199938,4.41,0.23652525037236088,0.0,0.023546372826313805,0.0
4.4040108208349755,1.7713632570122286,2.992398274951952,4.41,0.21871754470847388,0.0,-0.002552024418533083,0.0
4.402967595652277,1.7713632570122286,2.994933835591425,4.41,0.21652716178753847,0.0,-0.036842809053829625,0.0
4.402070569733017,1.7713632570122286,2.9966761889899827,4.41,0.2237170179275359,0.0,-0.06651500856261339,0.0
4.401453477326316,1.7713632570122286,2.9977492493746793,4.41,0.23591492869507902,0.0,-0.09399568012279184,0.0
4.4011177458227415,1.7713632570122286,2.9982929456456255,4.41,0.2500395635910752,0.0,-0.11950161722192292,0.0
4.400827708160565,1.7713632570122286,2.9987626435848433,4.41,0.2629464451148337,0.0,-0.14112373564151567,0.0
