1.7750261684720867,1.7713632570122286,4.410252599853338,4.41,0.032360304609444474,0.0,0.0022316150111509306,0.0
1.7754106199835893,1.7713632570122286,4.410279112204643,4.41,0.035756774372943806,0.0,0.0024658406465589886,0.0
1.7758416716783039,1.7713632570122286,4.410308838174288,4.41,0.03956493744110809,0.0,0.0027284572680770424,0.0
1.7761368632800503,1.7713632570122286,4.410329195028699,4.41,0.04217283289677104,0.0,0.0029083016396492466,0.0
1.7770854853919884,1.7713632570122286,4.410394613428508,4.41,0.05055351608772097,0.0,0.0034862460885146575,0.0
1.8153597795571055,1.7713632570122286,4.413028473874667,4.41,0.364313394453861,0.0,0.02507144446205396,0.0
1.8204538088176123,1.7713632570122286,4.413373790733947,4.41,0.38327063924891647,0.0,0.026317572635349815,0.0
1.8207257659172813,1.7713632570122286,4.4133922263115055,4.41,0.3842827283347895,0.0,0.02638394207413123,0.0
1.8209158879018517,1.7713632570122286,4.413405114405239,4.41,0.3849902684559296,0.0,0.026430330642247386,0.0
1.8210861710706412,1.7713632570122286,4.413416657654409,4.41,0.3856239787496213,0.0,0.026471872013821274,0.0
1.8212899322410616,1.7713632570122286,4.41343047032878,4.41,0.3863822782714448,0.0,0.02652157224078395,0.0
1.8214655884224582,1.7713632570122286,4.413442377806687,4.41,0.38703598524006155,0.0,0.026564410041987282,0.0
1.8216230590227218,1.7713632570122286,4.41345305251041,4.41,0.3876220146918872,0.0,0.02660280718637939,0.0
1.8218375662183572,1.7713632570122286,4.4134675936422525,4.41,0.38842030735947325,0.0,0.026655103311408215,0.0
1.8220119824737677,1.7713632570122286,4.413479417067374,4.41,0.3890694013121755,0.0,0.026697618050768444,0.0
1.822315351031757,1.7713632570122286,4.413499981982158,4.41,0.39019839516411536,0.0,0.026771549781786138,0.0
1.8287935510016706,1.7713632570122286,4.413939129767338,4.41,0.4143075007050136,0.0,0.0283455438171824,0.0
1.8371861966944794,1.7713632570122286,4.414508055052899,4.41,0.44554226108809425,0.0,0.030371161926506303,0.0
1.8453436697585468,1.7713632570122286,4.415061038326863,4.41,0.4759027543072458,0.0,0.03232538921476341,0.0
1.8550745201521914,1.7713632570122286,4.415714238654947,4.41,0.5075321437066915,0.0,0.03432596898890927,0.0
1.8658066808800882,1.7713632570122286,4.416429118253989,4.41,0.5384737451458459,0.0,0.03624490744913839,0.0
1.8767066829186156,1.7713632570122286,4.417155177924956,4.41,0.5699005221519179,0.0,0.03817403249899833,0.0
1.8873522332266033,1.7713632570122286,4.4178642883202155,4.41,0.6005948991054126,0.0,0.040038839485875964,0.0
1.9011035664427693,1.7713632570122286,4.418765265476156,4.41,0.634739197342195,0.0,0.04205098442683784,0.0
1.9167329946764882,1.7713632570122286,4.41978787949444,4.41,0.673029957196759,0.0,0.044270104437483325,0.0
1.9255511148995244,1.7713632570122286,4.420364838115072,4.41,0.6946345471083996,0.0,0.045506681415504034,0.0
1.9389090353257035,1.7713632570122286,4.421224685210723,4.41,0.7240647006824086,0.0,0.047140149282571375,0.0
1.9540622704865938,1.7713632570122286,4.4221981581975145,4.41,0.7569999937572884,0.0,0.048935465227250605,0.0
1.9687599448570887,1.7713632570122286,4.423138319057716,4.41,0.7882801288068061,0.0,0.05060486140335339,0.0
1.990573745938036,1.7713632570122286,4.424513689878424,4.41,0.8314149657356337,0.0,0.05281767582502216,0.0
2.0146611835888293,1.7713632570122286,4.426019096340219,4.41,0.8773951384160505,0.0,0.05508871367357718,0.0
2.017229945899497,1.7713632570122286,4.4261779857467785,4.41,0.8820936340121941,0.0,0.055313669430717194,0.0
2.04690215359483,1.7713632570122286,4.4280068306294265,4.41,0.9357323779077095,0.0,0.05781882834812709,0.0
2.0575763006066747,1.7713632570122286,4.4286542587717985,4.41,0.9540048865447036,0.0,0.05863058201171842,0.0
2.080182470702062,1.7713632570122286,4.430024248391208,4.41,0.9926127962674854,0.0,0.06030533882471393,0.0
2.0924984433055673,1.7713632570122286,4.4307564167187214,4.41,1.012517497920146,0.0,0.0611228428840516,0.0
2.1104562704109657,1.7713632570122286,4.4318239858552255,4.41,1.0415417050153002,0.0,0.062288483265263046,0.0
2.1309785436520623,1.7713632570122286,4.433026797133459,4.41,1.0735723962160792,0.0,0.06350880970074374,0.0
2.1590367645275736,1.7713632570122286,4.434654855933869,4.41,1.1163396076925147,0.0,0.06504731694336648,0.0
2.1771725514573848,1.7713632570122286,4.435689043906663,4.41,1.1429651043205344,0.0,0.06593770269803804,0.0
2.196753485668359,1.7713632570122286,4.436798866604998,4.41,1.1713853878709617,0.0,0.06684483898232418,0.0
2.2184303313704947,1.7713632570122286,4.438008563434427,4.41,1.201932471608647,0.0,0.06775067500086505,0.0
2.2420789294445522,1.7713632570122286,4.439311205357141,4.41,1.234537118791438,0.0,0.06864587300852452,0.0
2.2757513978401804,1.7713632570122286,4.441135712695731,4.41,1.2797510110504928,0.0,0.06976056064417287,0.0
2.317074029739003,1.7713632570122286,4.443321066994129,4.41,1.3333189860169257,0.0,0.07087577636919122,0.0
2.3177481486687763,1.7713632570122286,4.4433562039348855,4.41,1.3341758414328453,0.0,0.070891709928892,0.0
2.34168714465845,1.7713632570122286,4.444598941477445,4.41,1.364455070661231,0.0,0.07142422454446284,0.0
2.369000578854484,1.7713632570122286,4.445988816844522,4.41,1.398169007604484,0.0,0.07192150334972387,0.0
2.4002313068883314,1.7713632570122286,4.447545126181332,4.41,1.4358352752537367,0.0,0.07236017984866985,0.0
2.4345211419072115,1.7713632570122286,4.449216433728956,4.41,1.4762625652621275,0.0,0.07269359112394273,0.0
2.4502608574722142,1.7713632570122286,4.44997205045696,4.41,1.4945512250972994,0.0,0.07279879091348215,0.0
2.5039250543179925,1.7713632570122286,4.452473331320274,4.41,1.555289539454085,0.0,0.07290828852626159,0.0
2.5195078172880696,1.7713632570122286,4.453184245426998,4.41,1.5696414628204551,0.0,0.07274294981095902,0.0
2.572870569639413,1.7713632570122286,4.455538883948712,4.41,1.5787104130301857,0.0,0.07027207599151393,0.0
2.573943560764292,1.7713632570122286,4.455585424747285,4.41,1.5788202567535208,0.0,0.07021868009314193,0.0
2.622552417594054,1.7713632570122286,4.457645494181074,4.41,1.583794851340155,0.0,0.06777598494139879,0.0
2.6293297688338857,1.7713632570122286,4.457922259735243,4.41,1.5844882390086958,0.0,0.06743027014792784,0.0
2.679579627700441,1.7713632570122286,4.4599434105181475,4.41,1.5896268586512072,0.0,0.06485173622881371,0.0
2.693410993831841,1.7713632570122286,4.460485824867193,4.41,1.5910405819761029,0.0,0.06413512727694552,0.0
2.7194139468277303,1.7713632570122286,4.461481274259883,4.41,1.5936976722256242,0.0,0.06277593269569294,0.0
2.76343138294802,1.7713632570122286,4.4631081867033915,4.41,1.5981931600896158,0.0,0.06044637906915675,0.0
2.7789359997017784,1.7713632570122286,4.463661873951851,4.41,1.5997759301254213,0.0,0.05961625093683453,0.0
2.8204653383454583,1.7713632570122286,4.46510752113245,4.41,1.6040133336438678,0.0,0.05737421791062479,0.0
2.8404251905068385,1.7713632570122286,4.465774622593179,4.41,1.6060489330013439,0.0,0.05628294666729493,0.0
2.87250668912788,1.7713632570122286,4.466818998459886,4.41,1.6093192373405145,0.0,0.05451514077679549,0.0
2.908684066733574,1.7713632570122286,4.4679480781949135,4.41,1.613004856137981,0.0,0.052497544853851885,0.0
2.9377425477529164,1.7713632570122286,4.46881781150929,4.41,1.6159634743513012,0.0,0.050858544919898684,0.0
2.965341569366188,1.7713632570122286,4.469613706346272,4.41,1.618771999819105,0.0,0.04928691256905094,0.0
2.991124073004241,1.7713632570122286,4.4703317011086,4.41,1.6213943104414654,0.0,0.04780606820911761,0.0
3.0265042066063477,1.7713632570122286,4.471267106824289,4.41,1.6249906881704472,0.0,0.045749259972287196,0.0
3.052489411269723,1.7713632570122286,4.4719237504508715,4.41,1.6276304142456848,0.0,0.04422355990982994,0.0
3.0847255953436648,1.7713632570122286,4.4726987267433636,4.41,1.6309031789786625,0.0,0.042311196553129024,0.0
3.1093357339649037,1.7713632570122286,4.47325824994572,4.41,1.6334002266039482,0.0,0.040835325834350455,0.0
3.1470174186063056,1.7713632570122286,4.474073089702502,4.41,1.6372208894141898,0.0,0.03855480555981537,0.0
3.1781991133809475,1.7713632570122286,4.474700055678924,4.41,1.6403800599098632,0.0,0.03664425043267164,0.0
3.2154346089513166,1.7713632570122286,4.475395790940791,4.41,1.6441495553261545,0.0,0.034336579937226934,0.0
3.241899655596576,1.7713632570122286,4.4758532481125926,4.41,1.6468266781812018,0.0,0.03267811155579864,0.0
3.2783180266058323,1.7713632570122286,4.476433615250937,4.41,1.650507787825199,0.0,0.03037166056386629,0.0
3.2932999305667296,1.7713632570122286,4.476652306714744,4.41,1.6520211713124189,0.0,0.029412942077433557,0.0
3.329154039105526,1.7713632570122286,4.477144917820291,4.41,1.6556405021480072,0.0,0.02710343438930956,0.0
3.3577373830702157,1.7713632570122286,4.477495575003296,4.41,1.658523423085345,0.0,0.02524159815978643,0.0
3.383415808115135,1.7713632570122286,4.477779480064528,4.41,1.661111443352601,0.0,0.023553718403777162,0.0
3.414590300869547,1.7713632570122286,4.478085310540663,4.41,1.6642508976237522,0.0,0.021485558332359374,0.0
3.4504765482967876,1.7713632570122286,4.478384216671962,4.41,1.6678613855880604,0.0,0.019078851677180785,0.0
3.468312603789126,1.7713632570122286,4.478509568167024,4.41,1.669654450951786,0.0,0.01787137145404723,0.0
3.498774055557291,1.7713632570122286,4.478691226495835,4.41,1.6727145320131958,0.0,0.015793405205827483,0.0
3.528352238294607,1.7713632570122286,4.47882681891781,4.41,1.675683150942912,0.0,0.013755913155476591,0.0
3.6134185144479436,1.7713632570122286,4.4789898536228065,4.41,1.6842052630641196,0.0,0.007786700568106578,0.0
3.614644014352379,1.7713632570122286,4.4789893696542125,4.41,1.684327862182122,0.0,0.007699346631733065,0.0
3.625207013528689,1.7713632570122286,4.478985198164813,4.41,1.685384374887049,0.0,0.006946413355919692,0.0
3.6498594882122233,1.7713632570122286,4.478953878176402,4.41,1.6878486409969353,0.0,0.005178888989208826,0.0
3.680892878625088,1.7713632570122286,4.478874165933718,4.41,1.6909477542046523,0.0,0.002934715899041305,0.0
3.7177235570060345,1.7713632570122286,4.478721995542921,4.41,1.6946213859112886,0.0,2.4407388961294844E-4,0.0
3.741376660013805,1.7713632570122286,4.478585309287252,4.41,1.696978039385172,0.0,-0.0015022227468526137,0.0
3.818466522594943,1.7713632570122286,4.47795461947283,4.41,1.7046442849693744,0.0,-0.0072800630944202475,0.0
3.8205019191914706,1.7713632570122286,4.477934102531931,4.41,1.7048463877898998,0.0,-0.0074344051355286715,0.0
3.8295254607719276,1.7713632570122286,4.477843144597923,4.41,1.7057421857729347,0.0,-0.00811864927176226,0.0
3.8588590744796907,1.7713632570122286,4.4775107001302965,4.41,1.7086519839569025,0.0,-0.010359857612395128,0.0
3.8903669376680075,1.7713632570122286,4.477103356643894,4.41,1.711773607089169,0.0,-0.012790096661126387,0.0
3.918333027001745,1.7713632570122286,4.476700059414585,4.41,1.714540929533932,0.0,-0.014966029837926777,0.0
3.948653168121043,1.7713632570122286,4.476216614171758,4.41,1.717537498619363,0.0,-0.017345833345129028,0.0
3.9786005882058193,1.7713632570122286,4.475693202481951,4.41,1.7204933958382362,0.0,-0.01971677470913447,0.0
4.008445187799905,1.7713632570122286,4.475125791740963,4.41,1.7234352803252366,0.0,-0.022099722013013332,0.0
4.038449341695569,1.7713632570122286,4.474509009026707,4.41,1.726388933336318,0.0,-0.024515584268535902,0.0
4.071552207692385,1.7713632570122286,4.473775450990237,4.41,1.7296429457666584,0.0,-0.027203797432128828,0.0
4.099802700467336,1.7713632570122286,4.47310293821755,4.41,1.7324160007893785,0.0,-0.029517733373580324,0.0
4.128425538869378,1.7713632570122286,4.4723787712524565,4.41,1.7352218223815719,0.0,-0.03188013388591303,0.0
4.158426601211184,1.7713632570122286,4.47156871042459,4.41,1.7381585583186898,0.0,-0.03437741376633443,0.0
4.189853709092966,1.7713632570122286,4.470668663551529,4.41,1.7412302533086184,0.0,-0.03701436848034195,0.0
4.219216281155005,1.7713632570122286,4.46978078808945,4.41,1.7440958188023639,0.0,-0.03949691924592445,0.0
4.248950723455823,1.7713632570122286,4.468834599591895,4.41,1.7469933350579319,0.0,-0.042029470491646806,0.0
4.278800553560049,1.7713632570122286,4.467837041939313,4.41,1.7498976434203326,0.0,-0.04459032524021532,0.0
4.308961983336346,1.7713632570122286,4.466778613606042,4.41,1.7528276632792803,0.0,-0.04719707641824159,0.0
4.337887855244625,1.7713632570122286,4.46571293907818,4.41,1.7556332243861885,0.0,-0.04971584266369656,0.0
4.36805753756119,1.7713632570122286,4.46455245081341,4.41,1.7585547873855223,0.0,-0.05236066608763902,0.0
4.398411126241846,1.7713632570122286,4.4633350365076945,4.41,1.761489338460883,0.0,-0.05503923913330676,0.0
4.4284719291186105,1.7713632570122286,4.46207990652664,4.41,1.7643907699082626,0.0,-0.05770901221810191,0.0
4.458454035979429,1.7713632570122286,4.460774894909373,4.41,1.7672797513497698,0.0,-0.0603895760189337,0.0
4.488176059300927,1.7713632570122286,4.4594286978853654,4.41,1.7701388488830545,0.0,-0.06306385740068914,0.0
4.5180531605975025,1.7713632570122286,4.458026379178221,4.41,1.7730080279248588,0.0,-0.06576738762276917,0.0
4.547896455309157,1.7713632570122286,4.456576498019488,4.41,1.7758690922128337,0.0,-0.06848262215809085,0.0
4.577842015176677,1.7713632570122286,4.455068728896137,4.41,1.7787350148085581,0.0,-0.07122240801563061,0.0
4.609487879067855,1.7713632570122286,4.4534159722423325,4.41,1.7817582473093803,0.0,-0.07413403523392635,0.0
4.638205709429859,1.7713632570122286,4.451868495180353,4.41,1.7844969751046142,0.0,-0.07678861751237798,0.0
4.669215397052101,1.7713632570122286,4.4501459342667395,4.41,1.7874491521136329,0.0,-0.07966771346019144,0.0
4.6975830822517,1.7713632570122286,4.44851559483714,4.41,1.7901450996508061,0.0,-0.08231405819906903,0.0
4.727396032593788,1.7713632570122286,4.446753259267305,4.41,1.7929736218072438,0.0,-0.08510559636723788,0.0
4.757649210481889,1.7713632570122286,4.444914686500699,4.41,1.7958389309971816,0.0,-0.08794818807593063,0.0
4.802250113401294,1.7713632570122286,4.442102272196617,4.41,1.8000539986552755,0.0,-0.09215670429123927,0.0
4.826976366300858,1.7713632570122286,4.44049405057484,4.41,1.8023861621200676,0.0,-0.09449732659677784,0.0
4.850775210906845,1.7713632570122286,4.438910073309142,4.41,1.8046277683381002,0.0,-0.09675487745747159,0.0
4.877866940607204,1.7713632570122286,4.43706485519706,4.41,1.807175901644396,0.0,-0.09932943083502999,0.0
4.939490896462618,1.7713632570122286,4.432712503947217,4.41,1.8129579208197657,0.0,-0.10519813855068873,0.0
4.940116234335311,1.7713632570122286,4.432666879995414,4.41,1.8130164978854442,0.0,-0.10525777063352297,0.0
4.974393151149524,1.7713632570122286,4.430145960426101,4.41,1.816224315497856,0.0,-0.10852673634808081,0.0
4.9978693840685295,1.7713632570122286,4.428380844341561,4.41,1.8184180825230118,0.0,-0.11076598403633806,0.0
5.030070820869382,1.7713632570122286,4.425904787464668,4.41,1.821423046002933,0.0,-0.11383633365298407,0.0
5.059843861547057,1.7713632570122286,4.423563006217427,4.41,1.8241972522429437,0.0,-0.11667248660665788,0.0
5.095630256932533,1.7713632570122286,4.420678104310197,4.41,1.8275268114620604,0.0,-0.12007531435245095,0.0
5.120038166197209,1.7713632570122286,4.418668541608284,4.41,1.8297947452258818,0.0,-0.12239102318981747,0.0
5.1506282057368,1.7713632570122286,4.416102302046508,4.41,1.832633906817723,0.0,-0.12528557066212026,0.0
5.178934459114741,1.7713632570122286,4.413676634415786,4.41,1.8352582364614711,0.0,-0.12795386056689767,0.0
5.212835766880289,1.7713632570122286,4.41071425395767,4.41,1.8383978151852882,0.0,-0.13113547759533933,0.0
5.244941492149032,1.7713632570122286,4.407847095957332,4.41,1.841368098836148,0.0,-0.1341305517858005,0.0
5.266910139507227,1.7713632570122286,4.405852624825068,4.41,1.8433990033964196,0.0,-0.13616878756105866,0.0
5.314648073475117,1.7713632570122286,4.40142325390961,4.41,1.8478087920577697,0.0,-0.14055936541207426,0.0
5.326450186543591,1.7713632570122286,4.40031001657237,4.41,1.8488983368684524,0.0,-0.14163659036909085,0.0
5.378874713848108,1.7713632570122286,4.395267494232756,4.41,1.8537364412976731,0.0,-0.14636944473006508,0.0
5.3936853339641315,1.7713632570122286,4.393816798746234,4.41,1.8551028594510834,0.0,-0.14769096344347038,0.0
5.416269984865459,1.7713632570122286,4.391581526721891,4.41,1.8571864559309996,0.0,-0.14969075323893064,0.0
5.448819910016551,1.7713632570122286,4.388314255628443,4.41,1.8601894850628984,0.0,-0.1525395984172422,0.0
5.510148056586019,1.7713632570122286,4.382008500589646,4.41,1.865850507060634,0.0,-0.15778131130615652,0.0
5.513395903276819,1.7713632570122286,4.381669410449626,4.41,1.8661504621655094,0.0,-0.15805406190043075,0.0
5.535678854778121,1.7713632570122286,4.379329237130933,4.41,1.868209019978173,0.0,-0.15991097713903646,0.0
5.565398818887565,1.7713632570122286,4.376169151469109,4.41,1.8709568782319865,0.0,-0.16234436157845078,0.0
5.5965193437308125,1.7713632570122286,4.372817433486665,4.41,1.873837076306789,0.0,-0.16484019858102944,0.0
5.625171652321037,1.7713632570122286,4.369689880973298,4.41,1.8764926771994856,0.0,-0.16708157941028973,0.0
5.657738011721253,1.7713632570122286,4.366092047672819,4.41,1.8795156904333963,0.0,-0.16956388066205857,0.0
5.7359753455417914,1.7713632570122286,4.35726718927807,4.41,1.8868045013430055,0.0,-0.17520523960242326,0.0
5.736708582459246,1.7713632570122286,4.357183477732355,4.41,1.886872979226617,0.0,-0.1752561042533459,0.0
5.933673135203199,1.7713632570122286,4.333992020949619,4.41,1.9054739212049672,0.0,-0.18692030426240275,0.0
5.934752792536434,1.7713632570122286,4.333861651118812,4.41,1.9055772655467362,0.0,-0.18697171759284412,0.0
5.935504829713381,1.7713632570122286,4.333770841788386,4.41,1.9056492496418533,0.0,-0.18700752956643513,0.0
5.936253888525269,1.7713632570122286,4.333680392098874,4.41,1.9057209481744837,0.0,-0.18704319965297564,0.0
5.937125060304502,1.7713632570122286,4.333575197131946,4.41,1.9058043345371525,0.0,-0.18708468467155148,0.0
5.939521154993027,1.7713632570122286,4.333285866017779,4.41,1.9060336793488735,0.0,-0.18719878580109833,0.0
5.945638716820534,1.7713632570122286,4.332547163583351,4.41,1.9066192063467324,0.0,-0.1874900991347645,0.0
5.993052035642138,1.7713632570122286,4.326790612458313,4.41,1.91117917007973,0.0,-0.18956207556538243,0.0
5.993756328801619,1.7713632570122286,4.326704813883129,4.41,1.9112471275874792,0.0,-0.1895909617324134,0.0
6.012852121397419,1.7713632570122286,4.324374126119612,4.41,1.913093731561373,0.0,-0.19034060636195357,0.0
6.0447884677307755,1.7713632570122286,4.320462555498826,4.41,1.9161964334451005,0.0,-0.19147505172923893,0.0
6.071930813686623,1.7713632570122286,4.317127273270125,4.41,1.9188478500854587,0.0,-0.19232026746244363,0.0
6.104254488106873,1.7713632570122286,4.313145479007552,4.41,1.92202329623896,0.0,-0.19318085192288417,0.0
6.131542513878267,1.7713632570122286,4.3097781844542045,4.41,1.924719640640299,0.0,-0.19378072936644783,0.0
6.1623508912567475,1.7713632570122286,4.305972834372636,4.41,1.9277827350676515,0.0,-0.19430495301631737,0.0
6.191795588078024,1.7713632570122286,4.302335566000155,4.41,1.9307297031818558,0.0,-0.194648453979633,0.0
6.2200288155461765,1.7713632570122286,4.298850580914043,4.41,1.9335733438220533,0.0,-0.1948323865240703,0.0
6.251055605052121,1.7713632570122286,4.295027008458374,4.41,1.9367190892471235,0.0,-0.19486542859749464,0.0
6.2800290483537315,1.7713632570122286,4.291465654690521,4.41,1.9396769004650478,0.0,-0.19472996965393735,0.0
6.31075344845151,1.7713632570122286,4.287702500988318,4.41,1.9428354538519468,0.0,-0.19440386088774708,0.0
6.34097221179417,1.7713632570122286,4.284018466623778,4.41,1.945964386593427,0.0,-0.19389515675094005,0.0
6.368874829911528,1.7713632570122286,4.280635077434449,4.41,1.94887324179739,0.0,-0.19325681122299138,0.0
6.409268187884912,1.7713632570122286,4.27577658464612,4.41,1.9531197220368401,0.0,-0.19202370714179617,0.0
6.428399874537604,1.7713632570122286,4.27349292548687,4.41,1.9551445739953408,0.0,-0.19131828732261832,0.0
6.457945810968404,1.7713632570122286,4.269993100248053,4.41,1.9582900160239411,0.0,-0.19006095729113648,0.0
6.489274767424476,1.7713632570122286,4.266320405056742,4.41,1.9616484813270527,0.0,-0.18850909591414367,0.0
6.518689538333425,1.7713632570122286,4.262912767878518,4.41,1.9648234821810204,0.0,-0.1868402040046425,0.0
6.549311964307803,1.7713632570122286,4.259410991761504,4.41,1.968150392763853,0.0,-0.18488356906107037,0.0
6.578219287587295,1.7713632570122286,4.256152655302785,4.41,1.9603808794379098,0.0,-0.18159873618612757,0.0
6.607245428731845,1.7713632570122286,4.252930859974163,4.41,1.9340324997833307,0.0,-0.17607979182799588,0.0
6.635010821396017,1.7713632570122286,4.249899361841788,4.41,1.9082675346337439,0.0,-0.17064880525932494,0.0
6.663099645651128,1.7713632570122286,4.246886202849797,4.41,1.8816074709274178,0.0,-0.16501276089304578,0.0
6.692115403865656,1.7713632570122286,4.243834552580836,4.41,1.8533906207840158,0.0,-0.159049356349236,0.0
6.721318328503678,1.7713632570122286,4.240829678301193,4.41,1.8242469774573833,0.0,-0.1529146282409166,0.0
6.745014739874163,1.7713632570122286,4.238444758485951,4.41,1.7999924143659287,0.0,-0.14784179083938,0.0
6.770560063360612,1.7713632570122286,4.23592732798275,4.41,1.7732234343411946,0.0,-0.1422972561331295,0.0
6.802080787153044,1.7713632570122286,4.232903023759936,4.41,1.739217016852543,0.0,-0.1353555424955116,0.0
6.82584470370844,1.7713632570122286,4.230683995494939,4.41,1.7128291233608288,0.0,-0.13006518200526546,0.0
6.846423961899646,1.7713632570122286,4.228811033012476,4.41,1.689358938012178,0.0,-0.1254374361068632,0.0
6.867340750649528,1.7713632570122286,4.2269484991921145,4.41,1.6649601265495777,0.0,-0.12071699064475655,0.0
6.890066041764185,1.7713632570122286,4.224981588487394,4.41,1.6376757981193273,0.0,-0.11555231103549013,0.0
6.911839566985996,1.7713632570122286,4.2231465916732915,4.41,1.610822995292652,0.0,-0.11059829552426458,0.0
6.935383961876028,1.7713632570122286,4.221226891462463,4.41,1.5808121839664118,0.0,-0.10522089995142986,0.0
6.955698885576948,1.7713632570122286,4.219619012658353,4.41,1.5541421800497819,0.0,-0.10059063389848587,0.0
6.976377830707793,1.7713632570122286,4.2180357349997495,4.41,1.5260884492772973,0.0,-0.09587748675857911,0.0
6.997122440022891,1.7713632570122286,4.2164996718050025,4.41,1.4969995085819061,0.0,-0.09116535434798323,0.0
7.015090259201583,1.7713632570122286,4.215210893494724,4.41,1.4709974946023214,0.0,-0.08710662886413637,0.0
7.057224414553499,1.7713632570122286,4.21235730448145,4.41,1.4064007814207022,0.0,-0.0776688042189003,0.0
7.065824219912831,1.7713632570122286,4.211803529756401,4.41,1.3925328368968752,0.0,-0.07576315948294592,0.0
7.074578513892248,1.7713632570122286,4.21124839021725,4.41,1.3781965648728853,0.0,-0.07383613114451613,0.0
7.085749967737297,1.7713632570122286,4.210559081562806,4.41,1.3593779117750575,0.0,-0.07137962113640836,0.0
7.102415022236493,1.7713632570122286,4.2095590810642225,4.41,1.3304719933544318,0.0,-0.06775442490122977,0.0
7.123577351769793,1.7713632570122286,4.2083455913359025,4.41,1.2919447890966462,0.0,-0.06320600763428773,0.0
7.133974745907931,1.7713632570122286,4.20777199370549,4.41,1.272213826847539,0.0,-0.06099857660116724,0.0
7.148415436803908,1.7713632570122286,4.207002519446432,4.41,1.243721526483186,0.0,-0.05795779191108611,0.0
7.1608199309413525,1.7713632570122286,4.206366835765548,4.41,1.2181224773627344,0.0,-0.055370564774867306,0.0
7.174337943607932,1.7713632570122286,4.205698557774759,4.41,1.1889989174194184,0.0,-0.0525855206172834,0.0
7.1925278443100344,1.7713632570122286,4.204839807179665,4.41,1.1475094362878537,0.0,-0.048897977850840546,0.0
7.198885768195948,1.7713632570122286,4.204552511388507,4.41,1.1321537027808697,0.0,-0.04761808648576612,0.0
7.210824949423606,1.7713632570122286,4.204025796764705,4.41,1.1023947206788984,0.0,-0.045249645576941985,0.0
7.221795435906916,1.7713632570122286,4.203565078799348,4.41,1.073074819489368,0.0,-0.04307652334965573,0.0
7.233948921936694,1.7713632570122286,4.203075057133182,4.41,1.0384293617398843,0.0,-0.04069056078602263,0.0
7.243746494896513,1.7713632570122286,4.202694683882329,4.41,1.0086596106402799,0.0,-0.03878610507269367,0.0
7.258014911275447,1.7713632570122286,4.20216814424689,4.41,0.9611129765743467,0.0,-0.03601335244111781,0.0
7.261201268925868,1.7713632570122286,4.202056374514994,4.41,0.949372105111749,0.0,-0.03538077350203965,0.0
7.266911775984578,1.7713632570122286,4.20185606371722,4.41,0.9283290931668653,0.0,-0.03427696102641939,0.0
7.274249950685562,1.7713632570122286,4.201608888130017,4.41,0.8982263305033273,0.0,-0.03280654069266957,0.0
7.281451410609273,1.7713632570122286,4.201373216882992,4.41,0.8666181478975807,0.0,-0.031361648342772434,0.0
7.288250990684806,1.7713632570122286,4.201158663486183,4.41,0.8322093419288639,0.0,-0.029915459279808085,0.0
7.291906825703235,1.7713632570122286,4.201047704149496,4.41,0.8111902825817153,0.0,-0.029088271096265814,0.0
7.297044520531825,1.7713632570122286,4.2008917684446825,4.41,0.7816498753498223,0.0,-0.02796754235959229,0.0
7.300845637389281,1.7713632570122286,4.200778641368232,4.41,0.7520538616054632,0.0,-0.026935559763786684,0.0
7.3031734558004375,1.7713632570122286,4.200713565880516,4.41,0.7194144827058344,0.0,-0.025887591296594473,0.0
7.309328595826218,1.7713632570122286,4.2005414954401346,4.41,0.6331069460398397,0.0,-0.023233987434460316,0.0
7.309599534099742,1.7713632570122286,4.200533921206592,4.41,0.6293077258539649,0.0,-0.02312109530214045,0.0
7.30994309062526,1.7713632570122286,4.200524316888511,4.41,0.6244902055060207,0.0,-0.02297841994077656,0.0
7.328411300576875,1.7713632570122286,4.200041021024824,4.41,0.5332761917975085,0.0,-0.02041677974643806,0.0
7.328294570288888,1.7713632570122286,4.20004403506006,4.41,0.5316165680204014,0.0,-0.020373927418824933,0.0
7.328225636752123,1.7713632570122286,4.20004581495894,4.41,0.5306364990200865,0.0,-0.020348621540188797,0.0
7.327136083254232,1.7713632570122286,4.200073947782829,4.41,0.5151456703525747,0.0,-0.019948640487725666,0.0
7.324957082473454,1.7713632570122286,4.200130210688082,4.41,0.48416552313928174,0.0,-0.019148717374908364,0.0
7.322837137234188,1.7713632570122286,4.200184948749303,4.41,0.4540250036057648,0.0,-0.018370473874605095,0.0
7.318382798665167,1.7713632570122286,4.2002999620302,4.41,0.3906950287734985,0.0,-0.01673526180625409,0.0
7.318168563004683,1.7713632570122286,4.200305493703604,4.41,0.38764911325172435,0.0,-0.01665661472272729,0.0
7.314593932940006,1.7713632570122286,4.200398864645171,4.41,0.33979387704902564,0.0,-0.015405536868644421,0.0
7.310144872469653,1.7713632570122286,4.200527033370606,4.41,0.31332630016070007,0.0,-0.014505920993098678,0.0
7.307273923839141,1.7713632570122286,4.200609739782267,4.41,0.29624770278687435,0.0,-0.01390095354117378,0.0
7.302754377619892,1.7713632570122286,4.200739939064188,4.41,0.2693632259202349,0.0,-0.012909731405058833,0.0
7.297653637098623,1.7713632570122286,4.200893699865019,4.41,0.24213386800606956,0.0,-0.01182446568509719,0.0
7.290982577031148,1.7713632570122286,4.201105738988417,4.41,0.21151559249788016,0.0,-0.01047518535750566,0.0
7.284230362903633,1.7713632570122286,4.201322561664731,4.41,0.18104983711600708,0.0,-0.009045152168692365,0.0
7.276311328709514,1.7713632570122286,4.201597754771727,4.41,0.15027280196176396,0.0,-0.007430664933949378,0.0
7.267968607420183,1.7713632570122286,4.2018937934614415,4.41,0.11878272336602269,0.0,-0.005660177879084209,0.0
7.25850671486553,1.7713632570122286,4.20225055885496,4.41,0.08626285876161999,0.0,-0.003646369341613949,0.0
7.248791251258612,1.7713632570122286,4.202635585279534,4.41,0.054899684379474956,0.0,-0.0015333238900223957,0.0
7.238182399731076,1.7713632570122286,4.203072988052918,4.41,0.022334745634176145,0.0,8.394490628850677E-4,0.0
7.225281269613592,1.7713632570122286,4.203635752396949,4.41,-0.014729763958895803,0.0,0.003793852110445129,0.0
7.217468616311135,1.7713632570122286,4.203999031801433,4.41,-0.03570214445430664,0.0,0.005605862343336439,0.0
7.204822426200396,1.7713632570122286,4.204604087876738,4.41,-0.0687296159222811,0.0,0.008627559696061226,0.0
7.189929968871012,1.7713632570122286,4.205357216583957,4.41,-0.1055845902903938,0.0,0.012286648863892306,0.0
7.1791388004097225,1.7713632570122286,4.20592756695355,4.41,-0.13121129389904607,0.0,0.015010990296792037,0.0
7.161221447938232,1.7713632570122286,4.206931481403425,4.41,-0.17162763002512904,0.0,0.019644030250036765,0.0
7.151466680908787,1.7713632570122286,4.207498930026432,4.41,-0.19292732949821323,0.0,0.02223934942566489,0.0
7.137117114888683,1.7713632570122286,4.20837329450393,4.41,-0.22308028830930737,0.0,0.026125165112269137,0.0
7.121801481093381,1.7713632570122286,4.209352068752021,4.41,-0.2540580811312062,0.0,0.03037122320179106,0.0
7.105759080731853,1.7713632570122286,4.210426691474144,4.41,-0.28533762784094896,0.0,0.03492601698508564,0.0
7.089235902219916,1.7713632570122286,4.211585349215941,4.41,-0.3164516028954425,0.0,0.03972934013938252,0.0
7.071949699995801,1.7713632570122286,4.212853009813346,4.41,-0.3479330547239716,0.0,0.04487247980631556,0.0
7.05409214735419,1.7713632570122286,4.214220877156006,4.41,-0.37943178761304297,0.0,0.05030880230204232,0.0
7.035740407091847,1.7713632570122286,4.215687741245111,4.41,-0.41082070078049293,0.0,0.05602108807693734,0.0
7.016665227141477,1.7713632570122286,4.217288123360864,4.41,-0.4423475533924096,0.0,0.062074140679108554,0.0
6.995199718137166,1.7713632570122286,4.219164876401835,4.41,-0.47681395914206526,0.0,0.06904017186279382,0.0
6.975957915992543,1.7713632570122286,4.220923011150763,4.41,-0.5067825318102148,0.0,0.07540693862465937,0.0
6.955920673750432,1.7713632570122286,4.222828383180758,4.41,-0.537147724477249,0.0,0.08215463002473611,0.0
6.933552143501982,1.7713632570122286,4.225040094909997,4.41,-0.5701575599851136,0.0,0.0898273387591978,0.0
6.912741544688328,1.7713632570122286,4.227183478425945,4.41,-0.6000325884808544,0.0,0.09708287584237923,0.0
6.890269551087041,1.7713632570122286,4.229584680726998,4.41,-0.6315046245334165,0.0,0.1050429731089887,0.0
6.867097539820232,1.7713632570122286,4.232155384748463,4.41,-0.6631487180206528,0.0,0.11337656973809172,0.0
6.843831506074078,1.7713632570122286,4.234837995006891,4.41,-0.694114942245899,0.0,0.12185536956642654,0.0
6.818052476652373,1.7713632570122286,4.237919399997754,4.41,-0.7276091643533243,0.0,0.13137964386747605,0.0
6.7943945594955375,1.7713632570122286,4.2408475657403875,4.41,-0.7576374988698416,0.0,0.14022887117838403,0.0
6.729275933492059,1.7713632570122286,4.249411609110669,4.41,-0.8370213092411455,0.0,0.16501534314909366,0.0
6.7284766726796565,1.7713632570122286,4.249520513213458,4.41,-0.8379720684199132,0.0,0.1653239734043208,0.0
6.599657075522513,1.7713632570122286,4.268535560818737,4.41,-0.9832761785314612,0.0,0.21558685939072084,0.0
6.599087388043606,1.7713632570122286,4.268625633135567,4.41,-0.9838885892936197,0.0,0.21581064108432452,0.0
6.596215458381893,1.7713632570122286,4.269079709042059,4.41,-0.9869755021361495,0.0,0.21694024085834954,0.0
6.5956443026362885,1.7713632570122286,4.269170013504035,4.41,-0.9875893340358554,0.0,0.21716518139923432,0.0
6.594902827953688,1.7713632570122286,4.269287246803001,4.41,-0.9883861719375138,0.0,0.21745734338479983,0.0
6.572600734706894,1.7713632570122286,4.272858523615031,4.41,-1.0008530146122416,0.0,0.22441990974388026,0.0
6.544320608750702,1.7713632570122286,4.277493740467839,4.41,-1.0026983892156918,0.0,0.23091610350114994,0.0
6.514831768168705,1.7713632570122286,4.282450158887326,4.41,-1.0046256573471424,0.0,0.23752549697202166,0.0
6.482648194927943,1.7713632570122286,4.287996396409307,4.41,-1.0067356115866044,0.0,0.24454403789484305,0.0
6.450074631074582,1.7713632570122286,4.293759598468259,4.41,-1.008884768583485,0.0,0.2514196712798878,0.0
6.423584795717602,1.7713632570122286,4.29854710177078,4.41,-1.0106437243981354,0.0,0.2568470782815432,0.0
6.395215714227166,1.7713632570122286,4.303773441711808,4.41,-1.0125421153423546,0.0,0.2624877240274444,0.0
6.367194496286507,1.7713632570122286,4.309032619064632,4.41,-1.0144346569375657,0.0,0.2678809259261472,0.0
6.33320465256303,1.7713632570122286,4.315536353924077,4.41,-1.0167574550478382,0.0,0.27417849130001737,0.0
6.30817455654817,1.7713632570122286,4.320409118921092,4.41,-1.01848942421775,0.0,0.27864108475512595,0.0
6.27780856395657,1.7713632570122286,4.326413759223422,4.41,-1.020619088108266,0.0,0.2838456948287946,0.0
6.248455864910039,1.7713632570122286,4.332307148708195,4.41,-1.0227084862523137,0.0,0.2886622401572682,0.0
6.220544862417264,1.7713632570122286,4.337989149404431,4.41,-1.0247262868406013,0.0,0.2930408145512182,0.0
6.185535619293596,1.7713632570122286,4.345219032051567,4.41,-1.027304394548848,0.0,0.2982459936341783,0.0
6.161964070596882,1.7713632570122286,4.350146139467114,4.41,-1.0290708104177355,0.0,0.30157222580572124,0.0
6.131081329623653,1.7713632570122286,4.356670970193612,4.41,-1.03142609239212,0.0,0.3057031143761844,0.0
6.103357568351197,1.7713632570122286,4.3625895992256645,4.41,-1.0335808692471258,0.0,0.30919454314650974,0.0
6.07258956629655,1.7713632570122286,4.369220875266019,4.41,-1.0360192346575912,0.0,0.3128259057048234,0.0
6.041463769321576,1.7713632570122286,4.375993006596114,4.41,-1.0385406405023332,0.0,0.3162259108786918,0.0
6.014022101528903,1.7713632570122286,4.382009601509202,4.41,-1.040808663256976,0.0,0.3190030261112151,0.0
5.984239537140196,1.7713632570122286,4.3885836542095,4.41,-1.0433197845348352,0.0,0.32177984836169377,0.0
5.954186132774191,1.7713632570122286,4.395259771337334,4.41,-1.0459088320686263,0.0,0.32432402064111987,0.0
5.925157834837426,1.7713632570122286,4.401743105116924,4.41,-1.0484633241921013,0.0,0.32653391348799377,0.0
5.889999242684147,1.7713632570122286,4.409632994726133,4.41,-1.0516270838375799,0.0,0.32889341745273315,0.0
5.867153557471764,1.7713632570122286,4.414778612143861,4.41,-1.0537263111287156,0.0,0.33023152455974625,0.0
5.837776108728467,1.7713632570122286,4.421411799140414,4.41,-1.056474845804111,0.0,0.3317333565888624,0.0
5.8100167871478545,1.7713632570122286,4.42769260941844,4.41,-1.0591246228492577,0.0,0.3329192730585656,0.0
5.7791738864386835,1.7713632570122286,4.434680060449864,4.41,-1.062127934836197,0.0,0.33397556888134533,0.0
5.731461543803199,1.7713632570122286,4.445494095990269,4.41,-1.0668962332468723,0.0,0.3350699277879488,0.0
5.721193276431968,1.7713632570122286,4.44782046599229,4.41,-1.0679411660070555,0.0,0.33522265791691275,0.0
5.692103213170002,1.7713632570122286,4.45440518213448,4.41,-1.0709419796114132,0.0,0.33547564660624085,0.0
5.662978368892902,1.7713632570122286,4.460985706740375,4.41,-1.074000575588764,0.0,0.3354872929677448,0.0
5.633094769203857,1.7713632570122286,4.467720030491967,4.41,-1.077194359480199,0.0,0.3352496633382574,0.0
5.565441993909491,1.7713632570122286,4.482870643481361,4.41,-1.0846303111903473,0.0,0.333771663086056,0.0
5.560352480674005,1.7713632570122286,4.484003184966591,4.41,-1.0852019021112045,0.0,0.3336038987416499,0.0
5.545488568098757,1.7713632570122286,4.487306272807402,4.41,-1.0868774839982824,0.0,0.3330838993683764,0.0
5.514556393855187,1.7713632570122286,4.494148991960715,4.41,-1.090404793163525,0.0,0.3318082986631189,0.0
5.485741905084162,1.7713632570122286,4.5004809024161,4.41,-1.0937390743153472,0.0,0.3303836423728712,0.0
5.452071365468626,1.7713632570122286,4.50781949261521,4.41,-1.097694681882219,0.0,0.32842206024608817,0.0
5.426939005133644,1.7713632570122286,4.513252965644796,4.41,-1.100684978306235,0.0,0.32676292932156026,0.0
5.3989360882684725,1.7713632570122286,4.519257737102873,4.41,-1.104054054803008,0.0,0.32471630722590406,0.0
5.367118010739724,1.7713632570122286,4.526014045570992,4.41,-1.1079265886029865,0.0,0.3221455917945276,0.0
5.337859329003802,1.7713632570122286,4.532156509702294,4.41,-1.1115292763714706,0.0,0.31954408414442265,0.0
5.304941749279529,1.7713632570122286,4.538983081855248,4.41,-1.1156256913606293,0.0,0.31635729632630377,0.0
5.231330211914232,1.7713632570122286,4.553900590247539,4.41,-1.1249331861140075,0.0,0.3082697680960534,0.0
5.230351820095323,1.7713632570122286,4.554094898504433,4.41,-1.1250583667939142,0.0,0.308152315811173,0.0
5.221964133238804,1.7713632570122286,4.555760690042099,4.41,-1.126131009567806,0.0,0.3071453010630855,0.0
5.192397374945734,1.7713632570122286,4.561577386834493,4.41,-1.129928228107551,0.0,0.3034680769140845,0.0
5.1535727226837,1.7713632570122286,4.56907235508958,4.41,-1.134952096992126,0.0,0.2983274609360831,0.0
5.123971145961191,1.7713632570122286,4.574677005657864,4.41,-1.1388061226607886,0.0,0.29418471527083756,0.0
5.104423731755003,1.7713632570122286,4.5783200605509045,4.41,-1.141362131723632,0.0,0.29133840172033215,0.0
5.075310988325928,1.7713632570122286,4.583665845061646,4.41,-1.1451804868805178,0.0,0.286954514578805,0.0
5.045715060638866,1.7713632570122286,4.588995480176677,4.41,-1.149075293432783,0.0,0.2823174384342296,0.0
5.013832075673359,1.7713632570122286,4.594615266499093,4.41,-1.1532825923263479,0.0,0.27712473024205125,0.0
4.977989602055143,1.7713632570122286,4.600772348930867,4.41,-1.158023652862703,0.0,0.27104323171173467,0.0
4.955911611782566,1.7713632570122286,4.6044820521061975,4.41,-1.160946979030036,0.0,0.26717844404550617,0.0
4.925075956088762,1.7713632570122286,4.609550759399609,4.41,-1.1650320646500916,0.0,0.26162834097006255,0.0
4.89194096360369,1.7713632570122286,4.614852516719786,4.41,-1.1694205692682242,0.0,0.25547871610459466,0.0
4.823889041098236,1.7713632570122286,4.625243865163095,4.41,-1.1784165536843083,0.0,0.242263840340662,0.0
4.778771948340231,1.7713632570122286,4.631757818541832,4.41,-1.1843552789185945,0.0,0.23310096063308106,0.0
4.777788760585143,1.7713632570122286,4.631897069531933,4.41,-1.184484306074373,0.0,0.23289855893953637,0.0
4.776510022432374,1.7713632570122286,4.632078179958635,4.41,-1.1846520721951737,0.0,0.23263530775281044,0.0
4.7488513698338615,1.7713632570122286,4.635907533877509,4.41,-1.188277671117217,0.0,0.22685845423084647,0.0
4.687701596822767,1.7713632570122286,4.6439529504836,4.41,-1.1962435659090709,0.0,0.21371303698589555,0.0
4.681747159403624,1.7713632570122286,4.644703068655306,4.41,-1.1970152152107199,0.0,0.21240539441592238,0.0
4.659826595487592,1.7713632570122286,4.647425581452872,4.41,-1.199848010856932,0.0,0.2075608054574982,0.0
4.630224676379755,1.7713632570122286,4.65097513111057,4.41,-1.203654965515712,0.0,0.200923102914358,0.0
4.5928814099813815,1.7713632570122286,4.655248102390268,4.41,-1.2084239695859875,0.0,0.19240521267099092,0.0
4.551110734855256,1.7713632570122286,4.659757686450125,4.41,-1.2137097038182172,0.0,0.182701786940312,0.0
4.540299749846118,1.7713632570122286,4.66087911962758,4.41,-1.2150687736512977,0.0,0.18016250224388514,0.0
4.48782335697816,1.7713632570122286,4.666037541083775,4.41,-1.2216105499035175,0.0,0.16767713766521214,0.0
4.481320674172358,1.7713632570122286,4.666645003959736,4.41,-1.222414504761294,0.0,0.1661131946461837,0.0
4.451691697487187,1.7713632570122286,4.669319754721173,4.41,-1.226058351215672,0.0,0.15894137452751592,0.0
4.395311495796161,1.7713632570122286,4.6739958022495705,4.41,-1.2329006681641546,0.0,0.1451067471410072,0.0
4.392145560581222,1.7713632570122286,4.674242048956889,4.41,-1.2332812092008534,0.0,0.1443230875262025,0.0
4.362085923979477,1.7713632570122286,4.676495261723265,4.41,-1.2368742246214124,0.0,0.13684977623081881,0.0
4.332552376945019,1.7713632570122286,4.6785576978707475,4.41,-1.2403682638186222,0.0,0.12945271238538067,0.0
4.265129792574833,1.7713632570122286,4.682690074464038,4.41,-1.2482064906213055,0.0,0.11238496526417095,0.0
4.264701443414018,1.7713632570122286,4.6827136964120815,4.41,-1.2482556603654784,0.0,0.11227579524107723,0.0
4.241928070420188,1.7713632570122286,4.683932792412664,4.41,-1.250858092478702,0.0,0.10646242328084747,0.0
4.211691011116921,1.7713632570122286,4.685406661749745,4.41,-1.254277916503914,0.0,0.09870997483427571,0.0
4.183186594067495,1.7713632570122286,4.686648539635823,4.41,-1.2574642259703244,0.0,0.09137112658831073,0.0
4.153237323166331,1.7713632570122286,4.687801257814273,4.41,-1.2607723942399254,0.0,0.08363274809884609,0.0
4.1218805735841855,1.7713632570122286,4.688839698486417,4.41,-1.2641921693631062,0.0,0.0755046087925683,0.0
4.091907163719106,1.7713632570122286,4.689671369540981,4.41,-1.2674189053109461,0.0,0.06771427066176933,0.0
4.061524881976369,1.7713632570122286,4.690353950718897,4.41,-1.2706474497483875,0.0,0.05980094416007273,0.0
4.0339276192839595,1.7713632570122286,4.6908360175973,4.41,-1.273543170571689,0.0,0.05260174699908837,0.0
4.002819952570746,1.7713632570122286,4.69121402127347,4.41,-1.2767651571012326,0.0,0.04447719855741519,0.0
3.959886257497068,1.7713632570122286,4.691456564085259,4.41,-1.281138998475896,0.0,0.033254898147257655,0.0
3.94245927720669,1.7713632570122286,4.691464498469711,4.41,-1.282890296320521,0.0,0.028698699869639663,0.0
3.9123830367461148,1.7713632570122286,4.691353834056491,4.41,-1.2858802643168001,0.0,0.020836560617180783,0.0
3.882754729886516,1.7713632570122286,4.691093086003849,4.41,-1.2887857119867578,0.0,0.013095430643250786,0.0
3.852645206454097,1.7713632570122286,4.690671938404416,4.41,-1.2916980335792332,0.0,0.005235544026777381,0.0
3.82182912853106,1.7713632570122286,4.690068075561507,4.41,-1.2946758328260934,0.0,-8.49093320478788E-4,0.0
3.787433747945685,1.7713632570122286,4.689236216054682,4.41,-1.2979240421398612,0.0,-0.009579797237990972,0.0
3.7623410383155216,1.7713632570122286,4.688536014324059,4.41,-1.3003097367492404,0.0,-0.014302113751578572,0.0
3.7331037356521724,1.7713632570122286,4.6876255222107766,4.41,-1.3030674217040332,0.0,-0.019934574815058375,0.0
3.703149406390886,1.7713632570122286,4.686568588896357,4.41,-1.305865741115807,0.0,-0.02587834993250138,0.0
3.673284703454759,1.7713632570122286,4.685402216844303,4.41,-1.308627155057073,0.0,-0.031963617207080366,0.0
3.6396834832360083,1.7713632570122286,4.683941659219523,4.41,-1.3116968328245306,0.0,-0.03902322180880992,0.0
3.6132789027284824,1.7713632570122286,4.6826848918207915,4.41,-1.3140795288324603,0.0,-0.044729640444501284,0.0
3.581951366466347,1.7713632570122286,4.681063780903073,4.41,-1.3168700147790595,0.0,-0.051692308851203045,0.0
3.5518356470326564,1.7713632570122286,4.67936726603591,4.41,-1.3195123397207067,0.0,-0.058592848256460425,0.0
3.5223687687408747,1.7713632570122286,4.677573003685079,4.41,-1.3220565776672717,0.0,-0.06554942508071851,0.0
3.4930555667521697,1.7713632570122286,4.675653747921762,4.41,-1.3245441221532088,0.0,-0.07267745150133828,0.0
3.4625491530712,1.7713632570122286,4.673505692725228,4.41,-1.3270828477243843,0.0,-0.08033241405096703,0.0
3.43203392967441,1.7713632570122286,4.6712099235171305,4.41,-1.3295683280883626,0.0,-0.08822394265875216,0.0
3.4020194699068798,1.7713632570122286,4.66878245246122,4.41,-1.331953466934157,0.0,-0.09626071597023153,0.0
3.364175570761193,1.7713632570122286,4.665500992210445,4.41,-1.3348722273429923,0.0,-0.1067580328093453,0.0
3.298493134663889,1.7713632570122286,4.6591630732339375,4.41,-1.339669434767005,0.0,-0.12606284659200045,0.0
3.2966921595175,1.7713632570122286,4.658977604174299,4.41,-1.3397957298026524,0.0,-0.1266122714952232,0.0
3.28296558780284,1.7713632570122286,4.657541613894038,4.41,-1.3407481924277913,0.0,-0.13083905794121123,0.0
3.2526146514578493,1.7713632570122286,4.654231269131633,4.41,-1.3427892774508616,0.0,-0.1404228663453273,0.0
3.2241743316801164,1.7713632570122286,4.650950221727385,4.41,-1.3446139657070475,0.0,-0.14972290248501718,0.0
3.1866735417341965,1.7713632570122286,4.6463501318106255,4.41,-1.3468775246069367,0.0,-0.16248317271403073,0.0
3.1541914113841067,1.7713632570122286,4.642104594969411,4.41,-1.3486942011677583,0.0,-0.17401872720891565,0.0
3.134916488170142,1.7713632570122286,4.639463920505813,4.41,-1.349702612596979,0.0,-0.18109235844818874,0.0
3.1054097160577867,1.7713632570122286,4.635248241395153,4.41,-1.3511394290422731,0.0,-0.19225154686126256,0.0
3.075749681560093,1.7713632570122286,4.63078546833149,4.41,-1.3524408122748994,0.0,-0.20390490995205376,0.0
3.0427099559783906,1.7713632570122286,4.625534696884324,4.41,-1.3537041255871733,0.0,-0.21743703596005415,0.0
3.0138961084358935,1.7713632570122286,4.62070761650291,4.41,-1.3546302032448942,0.0,-0.22973519476926207,0.0
2.962244879402745,1.7713632570122286,4.611443557297685,4.41,-1.3558271879001182,0.0,-0.2530308809295047,0.0
2.948892453722435,1.7713632570122286,4.6089136385778176,4.41,-1.3560289903710667,0.0,-0.25933413933398797,0.0
2.928461150733504,1.7713632570122286,4.60492522947363,4.41,-1.3562415790196047,0.0,-0.2692273570223184,0.0
2.8931889186732223,1.7713632570122286,4.597716957043976,4.41,-1.3563219878557056,0.0,-0.28699680302825464,0.0
2.8678586310251237,1.7713632570122286,4.592269664616009,4.41,-1.356130766364935,0.0,-0.3003450051413555,0.0
2.839599338630173,1.7713632570122286,4.585908755500834,4.41,-1.3556432625900547,0.0,-0.3158617477013979,0.0
2.8076407236036363,1.7713632570122286,4.578348112060841,4.41,-1.3547120264766677,0.0,-0.33422801236001004,0.0
2.7814763602288597,1.7713632570122286,4.571836951815431,4.41,-1.353607259573769,0.0,-0.34999224083196495,0.0
2.747926055574449,1.7713632570122286,4.563058688777913,4.41,-1.3516958724821841,0.0,-0.371189070949407,0.0
2.7233850577806313,1.7713632570122286,4.556304981855219,4.41,-1.349899427890828,0.0,-0.3874656876323233,0.0
2.6945668325297643,1.7713632570122286,4.548006443013013,4.41,-1.3473175257481338,0.0,-0.40743891339457866,0.0
2.66614940161338,1.7713632570122286,4.539394405652833,4.41,-1.344202411689968,0.0,-0.4281486631705172,0.0
2.637613269932113,1.7713632570122286,4.530305319462825,4.41,-1.3404470585202333,0.0,-0.4499925584975857,0.0
2.6080700246814272,1.7713632570122286,4.520392035200519,4.41,-1.335808552473123,0.0,-0.4738099665896783,0.0
2.579446188426456,1.7713632570122286,4.510264681219787,4.41,-1.3304924135741658,0.0,-0.4981372015987921,0.0
2.5527644693968874,1.7713632570122286,4.500330287304781,4.41,-1.324717360687118,0.0,-0.5219951112069554,0.0
2.5246621115394428,1.7713632570122286,4.489306902156635,4.41,-1.3176640529655756,0.0,-0.5484575622932134,0.0
2.4944475858032127,1.7713632570122286,4.476774109175846,4.41,-1.3023099771475137,0.0,-0.5757483697269578,0.0
2.4653305560856573,1.7713632570122286,4.4639655173799335,4.41,-1.2630586538964068,0.0,-0.5930624075938765,0.0
2.4436425901921566,1.7713632570122286,4.453929302152988,4.41,-1.2325598663121358,0.0,-0.6059017486743672,0.0
2.4182329421931494,1.7713632570122286,4.441574790448255,4.41,-1.1953718441594439,0.0,-0.6208493285630978,0.0
2.393460427181311,1.7713632570122286,4.428881993473463,4.41,-1.1575369482251316,0.0,-0.6351797336300564,0.0
2.3697253436638457,1.7713632570122286,4.416055987926812,4.41,-1.1203004143958557,0.0,-0.6489185490644741,0.0
2.3463291186295474,1.7713632570122286,4.402736822073441,4.41,-1.0842444352428093,0.0,-0.6633109625179445,0.0
2.3240426722819576,1.7713632570122286,4.389363549370984,4.41,-1.050821906657748,0.0,-0.6781086103859677,0.0
2.3013770745349578,1.7713632570122286,4.375031283078191,4.41,-1.0180553647122506,0.0,-0.694514856585553,0.0
2.2776755649123337,1.7713632570122286,4.359176844882091,4.41,-0.9856190194418801,0.0,-0.7136425644440896,0.0
2.259829506025884,1.7713632570122286,4.34661339971211,4.41,-0.9628495645330234,0.0,-0.7297698386787783,0.0
2.237607066918187,1.7713632570122286,4.330162458543333,4.41,-0.9274221672298202,0.0,-0.7452140838418722,0.0
2.219549915616308,1.7713632570122286,4.316077699772753,4.41,-0.8899323623811115,0.0,-0.7508781257555834,0.0
2.202496726158832,1.7713632570122286,4.302159447960427,4.41,-0.8536423531780563,0.0,-0.7546594202792697,0.0
2.185192484604793,1.7713632570122286,4.287390026803104,4.41,-0.8160696702897512,0.0,-0.7566029012245138,0.0
2.168686917220736,1.7713632570122286,4.2726699979416916,4.41,-0.7797134474081392,0.0,-0.7563161714180858,0.0
2.1520974044711685,1.7713632570122286,4.257236490940043,4.41,-0.7429233491627475,0.0,-0.7535093703985855,0.0
2.111263821063331,1.7713632570122286,4.216555558234312,4.41,-0.6538216653721922,0.0,-0.7327419077818089,0.0
2.0935153143370306,1.7713632570122286,4.197795578496573,4.41,-0.6173674357871296,0.0,-0.7158972929988389,0.0
2.0932245157083185,1.7713632570122286,4.1974839444765335,4.41,-0.6167890512852581,0.0,-0.7155764348937251,0.0
2.092984996302078,1.7713632570122286,4.197227263776991,4.41,-0.6163127941145742,0.0,-0.7153119854019524,0.0
2.0816525169233504,1.7713632570122286,4.184984391970692,4.41,-0.5944327164841715,0.0,-0.7014355553554531,0.0
2.0702844842620993,1.7713632570122286,4.172570337017474,4.41,-0.5738672863121195,0.0,-0.6849031491565749,0.0
2.0585495254665562,1.7713632570122286,4.159695670189999,4.41,-0.5543916488695,0.0,-0.6648567016767601,0.0
2.0307500420974445,1.7713632570122286,4.129589131659062,4.41,-0.5167388268219357,0.0,-0.6041995901533854,0.0
2.0297181096338806,1.7713632570122286,4.128496616851269,4.41,-0.5155733747331325,0.0,-0.6015919652807996,0.0
2.0249996008032753,1.7713632570122286,4.123548051430929,4.41,-0.5105445542100355,0.0,-0.5892171723228328,0.0
2.0143156161096516,1.7713632570122286,4.11261030424494,4.41,-0.5004307843886657,0.0,-0.5591089723160586,0.0
2.004086100030859,1.7713632570122286,4.1025730599739925,4.41,-0.4922442460870747,0.0,-0.5275476812401998,0.0
1.9930578955473583,1.7713632570122286,4.092329929835452,4.41,-0.484596409427202,0.0,-0.4906945154907077,0.0
1.9828165994674678,1.7713632570122286,4.083446606668327,4.41,-0.4780382668794835,0.0,-0.45403870543955616,0.0
1.972737366089178,1.7713632570122286,4.075355541226126,4.41,-0.4713855784683272,0.0,-0.41604522342499184,0.0
1.9632125451758615,1.7713632570122286,4.0683385474558476,4.41,-0.46421330125009685,0.0,-0.37883146176586974,0.0
1.9537051481934793,1.7713632570122286,4.061967714667213,4.41,-0.4555035574285029,0.0,-0.3409129391218343,0.0
1.9440678835181533,1.7713632570122286,4.056162722019497,4.41,-0.44439479300847523,0.0,-0.3022932185533395,0.0
1.935604106706708,1.7713632570122286,4.051603393817806,4.41,-0.43222242011028833,0.0,-0.2687533076232621,0.0
1.9255695375617368,1.7713632570122286,4.046840746350783,4.41,-0.4142693176888041,0.0,-0.23011673420685752,0.0
1.91309710014966,1.7713632570122286,4.041845807096847,4.41,-0.38575889818098275,0.0,-0.18489791187840104,0.0
1.909712890950731,1.7713632570122286,4.0406600590747965,4.41,-0.37670103071371486,0.0,-0.17332074334018155,0.0
1.9013865898829454,1.7713632570122286,4.038043548921443,4.41,-0.3517023796385088,0.0,-0.1463170946755279,0.0
1.8948458640331658,1.7713632570122286,4.036271271903893,4.41,-0.32910887732538463,0.0,-0.12672823989798587,0.0
1.8886715703113786,1.7713632570122286,4.034815995796655,4.41,-0.30503984617884744,0.0,-0.1096579780831126,0.0
1.8826582570612471,1.7713632570122286,4.033591155689511,4.41,-0.27862015377575844,0.0,-0.09443682237692663,0.0
1.8772128062656719,1.7713632570122286,4.032653792623371,4.41,-0.2512627299478833,0.0,-0.08186070504898867,0.0
1.872101580415144,1.7713632570122286,4.03189382794259,4.41,-0.2222525263395506,0.0,-0.0711772386186137,0.0
1.8678942596888997,1.7713632570122286,4.031370666668569,4.41,-0.19436592427532476,0.0,-0.06313804145127311,0.0
1.864139932851627,1.7713632570122286,4.030969446994311,4.41,-0.16540686982240083,0.0,-0.056556726960646966,0.0
1.8609150083056665,1.7713632570122286,4.030672103425322,4.41,-0.13589611474955413,0.0,-0.05132629575017003,0.0
1.8583710224276304,1.7713632570122286,4.030473529035981,4.41,-0.10654880633951494,0.0,-0.047338983911519465,0.0
1.8567756324132259,1.7713632570122286,4.030361884886134,4.41,-0.07473282895017995,0.0,-0.04417898321398996,0.0
1.8556508279539587,1.7713632570122286,4.030291925277425,4.41,-0.043189964437155656,0.0,-0.04157905417305716,0.0
1.854235446353283,1.7713632570122286,4.030203892604599,4.41,-0.00346744891295459,0.0,-0.03873132519342,0.0
1.8502177117102212,1.7713632570122286,4.030005659092024,4.41,0.013963712885128701,0.0,-0.03784143857180489,0.0
1.8512405447527227,1.7713632570122286,4.030032246115323,4.41,0.04262235058687974,0.0,-0.037096499919403114,0.0
1.852401194933801,1.7713632570122286,4.0300624154901135,4.41,0.07514247034821342,0.0,-0.036251187785481497,0.0
1.853353454429892,1.7713632570122286,4.030087168059064,4.41,0.10182371622366371,0.0,-0.03555764849189376,0.0
1.8553275903903255,1.7713632570122286,4.030100577519545,4.41,0.13294548609153103,0.0,-0.03597685286207064,0.0
1.858247752938451,1.7713632570122286,4.030087954418439,4.41,0.16554948161566124,0.0,-0.03848856012443227,0.0
1.8614529806344045,1.7713632570122286,4.030008137429857,4.41,0.19424335104203033,0.0,-0.04246983140144424,0.0
1.8655736919182178,1.7713632570122286,4.029802415922817,4.41,0.22529930855861363,0.0,-0.048960382281257486,0.0
1.8702145791954157,1.7713632570122286,4.029435080649613,4.41,0.25530369790704716,0.0,-0.057698351303267385,0.0
1.8749430382096262,1.7713632570122286,4.028926391162248,4.41,0.282350556645295,0.0,-0.06786730802280598,0.0
1.8811643867839387,1.7713632570122286,4.028063272970372,4.41,0.31399639857027345,0.0,-0.082837298934436,0.0
1.8872034711540158,1.7713632570122286,4.026984893805373,4.41,0.3409906482298091,0.0,-0.09863493308593402,0.0
1.8944279189129174,1.7713632570122286,4.025427614896587,4.41,0.3698861953920416,0.0,-0.11890856866956555,0.0
1.901220235587757,1.7713632570122286,4.0236988976278685,4.41,0.3942061288600815,0.0,-0.13900306890187789,0.0
1.9091576295267234,1.7713632570122286,4.021349533120502,4.41,0.4196620659607329,0.0,-0.1633680293756582,0.0
1.9177856823353439,1.7713632570122286,4.018409434285987,4.41,0.44433696777219234,0.0,-0.19060364030405869,0.0
1.9261199007912735,1.7713632570122286,4.015206241484054,4.41,0.46570330758819634,0.0,-0.21739508295820664,0.0
1.9356498650142275,1.7713632570122286,4.0111204766453366,4.41,0.4876294283429972,0.0,-0.24832754002675506,0.0
1.94477460137274,1.7713632570122286,4.006803231184773,4.41,0.5065091377660573,0.0,-0.27803484740477036,0.0
1.9547228006079562,1.7713632570122286,4.0016384106748015,4.41,0.5251014885692543,0.0,-0.3102367364159824,0.0
1.9854175825581755,1.7713632570122286,3.9830205385601145,4.41,0.5727696258167985,0.0,-0.4075983631784635,0.0
1.989377566017687,1.7713632570122286,3.9803352307005464,4.41,0.5781047181249862,0.0,-0.41983663875570354,0.0
1.9912812458819595,1.7713632570122286,3.979019269311386,4.41,0.5806193434526394,0.0,-0.425679158994417,0.0
2.000989740610253,1.7713632570122286,3.9721125178626884,4.41,0.5929438696958917,0.0,-0.45525032526890535,0.0
2.009206866314948,1.7713632570122286,3.9659925591471312,4.41,0.6028127244548109,0.0,-0.47988071809510685,0.0
2.0210848878934615,1.7713632570122286,3.9567200895017076,4.41,0.6163174820942351,0.0,-0.5148315552993187,0.0
2.0327517913825717,1.7713632570122286,3.947146113154966,4.41,0.6288580197126995,0.0,-0.5484190316245755,0.0
2.0465069541818273,1.7713632570122286,3.935288795542329,4.41,0.6429209995135313,0.0,-0.5870637082933381,0.0
2.0576159973889463,1.7713632570122286,3.9252938138437172,4.41,0.6538172248890177,0.0,-0.6175646412890535,0.0
2.0703789426587185,1.7713632570122286,3.913363959842775,4.41,0.6659531419279636,0.0,-0.65181357432404,0.0
2.0927188290975067,1.7713632570122286,3.891416988193174,4.41,0.6864791478087651,0.0,-0.7098275093535972,0.0
2.1017491870631284,1.7713632570122286,3.88218778508409,4.41,0.6945927932312027,0.0,-0.7326118153201977,0.0
2.109714518401711,1.7713632570122286,3.8738882815000664,4.41,0.7016863553026946,0.0,-0.752406621502631,0.0
2.1221975258002277,1.7713632570122286,3.8605925314284453,4.41,0.7127224403858062,0.0,-0.7828604433853581,0.0
2.135688697914386,1.7713632570122286,3.845845515765234,4.41,0.7245874155349017,0.0,-0.8150068535059314,0.0
2.1562296631344466,1.7713632570122286,3.8227067973182294,4.41,0.7426138799351837,0.0,-0.8625006989964902,0.0
2.164540058110502,1.7713632570122286,3.813125899040852,4.41,0.7499238867796211,0.0,-0.8812258158680005,0.0
2.178516302921247,1.7713632570122286,3.7967554665046324,4.41,0.7622604272684365,0.0,-0.9121140879668025,0.0
2.1923202221517455,1.7713632570122286,3.780288047107595,4.41,0.7745323387040247,0.0,-0.9418785183581069,0.0
2.2077422001770852,1.7713632570122286,3.761566046708559,4.41,0.7883877753197951,0.0,-0.9742597594962515,0.0
2.224517633873604,1.7713632570122286,3.740861072488096,4.41,0.8036514175728591,0.0,-1.0084921575910433,0.0
2.2378048302213123,1.7713632570122286,3.724233275221112,4.41,0.8159170178030305,0.0,-1.0348681606674162,0.0
2.2535911972805778,1.7713632570122286,3.7042457801164344,4.41,0.8307216001086688,0.0,-1.0653595505038669,0.0
2.2689811535644138,1.7713632570122286,3.68455278823562,4.41,0.8454105800971286,0.0,-1.094229912307404,0.0
2.2885685512458056,1.7713632570122286,3.6592324955961026,4.41,0.8645353620348802,0.0,-1.12971023249893,0.0
2.313061926015992,1.7713632570122286,3.627261256860754,4.41,0.8891776196092605,0.0,-1.172123198871013,0.0
2.321101201229031,1.7713632570122286,3.616710228030819,4.41,0.8974586874792698,0.0,-1.1855647674216752,0.0
2.3350627517432936,1.7713632570122286,3.598337551010755,4.41,0.9120830461941196,0.0,-1.2083397694821814,0.0
2.3520697166284537,1.7713632570122286,3.5758992019213154,4.41,0.9303346955442288,0.0,-1.235103091240508,0.0
2.3695865869625408,1.7713632570122286,3.552757011977696,4.41,0.9496788974820012,0.0,-1.2615079580239552,0.0
2.387779305271073,1.7713632570122286,3.5287306143586696,4.41,0.967291322004881,0.0,-1.2835679220276992,0.0
2.4058108400985776,1.7713632570122286,3.504967502868642,4.41,0.9708253270937388,0.0,-1.2849321941846021,0.0
2.424071586998009,1.7713632570122286,3.4809953754307617,4.41,0.9752690029899187,0.0,-1.2853363435894951,0.0
2.4428833118198106,1.7713632570122286,3.456441847326751,4.41,0.9809072839957249,0.0,-1.2849150996184813,0.0
2.4613031591875836,1.7713632570122286,3.4325822980396645,4.41,0.987473301030854,0.0,-1.2836573471271622,0.0
2.479207598534613,1.7713632570122286,3.409602691620923,4.41,0.994805723463201,0.0,-1.2815469416811316,0.0
2.4972001807108017,1.7713632570122286,3.3867588812035208,4.41,0.9885874813761246,0.0,-1.260128400984546,0.0
2.516656761927061,1.7713632570122286,3.362384426576704,4.41,0.9786661889840794,0.0,-1.2310571592248643,0.0
2.5340261360169487,1.7713632570122286,3.3409484347156235,4.41,0.970269614928112,0.0,-1.2041695153091447,0.0
2.550938791751359,1.7713632570122286,3.3204023797462914,4.41,0.9624761349596346,0.0,-1.1771450709429379,0.0
2.5723766639967582,1.7713632570122286,3.294868651311686,4.41,0.9530867499796523,0.0,-1.1416939775762331,0.0
2.5889866855935413,1.7713632570122286,3.275516129109402,4.41,0.9461549811433003,0.0,-1.1132925464052787,0.0
2.6042983549144165,1.7713632570122286,3.2580361116185728,4.41,0.9399984088193566,0.0,-1.0863822608339693,0.0
2.622199253147862,1.7713632570122286,3.2380656969880923,4.41,0.9330424632388242,0.0,-1.054028217978186,0.0
2.6372204127482193,1.7713632570122286,3.2217248283216944,4.41,0.9273839328009135,0.0,-1.0261087169316325,0.0
2.6547103676757544,1.7713632570122286,3.203199177892357,4.41,0.9209431876615545,0.0,-0.9927145552683273,0.0
2.676707109191939,1.7713632570122286,3.1807320237928334,4.41,0.9130208513117098,0.0,-0.9492750948414598,0.0
2.688679240899264,1.7713632570122286,3.168902454146031,4.41,0.9087294382658505,0.0,-0.9249694399086321,0.0
2.7045369890876727,1.7713632570122286,3.1537107750171764,4.41,0.9030557358418612,0.0,-0.8919759419207828,0.0
2.72013196470806,1.7713632570122286,3.139305905384523,4.41,0.8974011141065524,0.0,-0.8586599616823178,0.0
2.7378336069500375,1.7713632570122286,3.123629236435394,4.41,0.8908049523279026,0.0,-0.8197611519874307,0.0
2.7620941707113573,1.7713632570122286,3.1033809554604495,4.41,0.8812554480401065,0.0,-0.7644782146529382,0.0
2.7772617370011563,1.7713632570122286,3.0914844825780774,4.41,0.8748284006070504,0.0,-0.7287187404239034,0.0
2.7936224398168576,1.7713632570122286,3.079336690784982,4.41,0.8673340168048437,0.0,-0.689099298490569,0.0
2.7982139885089055,1.7713632570122286,3.076060373702588,4.41,0.865105095928734,0.0,-0.6777787563076382,0.0
2.8138173575067027,1.7713632570122286,3.0653647419354453,4.41,0.8570183840617019,0.0,-0.6386752314962328,0.0
2.8295252327617133,1.7713632570122286,3.0553170670164387,4.41,0.8479436905654618,0.0,-0.5982827301498961,0.0
2.845483911006521,1.7713632570122286,3.0458721868477676,4.41,0.8375181939680998,0.0,-0.5562311521754338,0.0
2.871153000215669,1.7713632570122286,3.032347645263873,4.41,0.8174392454941648,0.0,-0.4866914221869082,0.0
2.8727785955340606,1.7713632570122286,3.0315592328673917,4.41,0.8160018461076205,0.0,-0.4822289395430529,0.0
2.887630184483908,1.7713632570122286,3.0248015841460982,4.41,0.8018304028237708,0.0,-0.4410364250667915,0.0
2.9002664087532937,1.7713632570122286,3.0196424363143928,4.41,0.7891241341609351,0.0,-0.4060709031943832,0.0
2.9138066368350737,1.7713632570122286,3.014735893746964,4.41,0.7763137710383036,0.0,-0.3693289303583145,0.0
2.927101423811517,1.7713632570122286,3.0105556593612812,4.41,0.7645662918810566,0.0,-0.3339313742292077,0.0
2.9395956923455513,1.7713632570122286,3.007215351187725,4.41,0.7543072175312047,0.0,-0.3012171477100633,0.0
2.956634194158043,1.7713632570122286,3.0036321980844063,4.41,0.7417245417846229,0.0,-0.2572935689286674,0.0
2.977503787967334,1.7713632570122286,3.000780442654408,4.41,0.7273744269626001,0.0,-0.2042102300668984,0.0
2.977988972828182,1.7713632570122286,3.0007317734787016,4.41,0.7269424346942673,0.0,-0.2029778654748907,0.0
2.9897585471779964,1.7713632570122286,2.999916142762165,4.41,0.7563747310527216,0.0,-0.1837458919888489,0.0
3.0026788430678732,1.7713632570122286,2.9992549206824592,4.41,0.7880153485983633,0.0,-0.17512859281796542,0.0
3.0158656996878372,1.7713632570122286,2.9985753810465465,4.41,0.8184600556833407,0.0,-0.17695711249570462,0.0
3.030379567162721,1.7713632570122286,2.997821198045385,4.41,0.8504987718412519,0.0,-0.17890996164948025,0.0
3.0448941810579373,1.7713632570122286,2.9970616506567205,4.41,0.8814011630958605,0.0,-0.18081995931330164,0.0
3.059970527617484,1.7713632570122286,2.9962662146428687,4.41,0.9122280426613248,0.0,-0.18275042975769767,0.0
3.0763658615560296,1.7713632570122286,2.995394788812024,4.41,0.944600113281217,0.0,-0.18480306847216119,0.0
3.0944066281233638,1.7713632570122286,2.9944282362142824,4.41,0.9789345958626692,0.0,-0.18700671001101382,0.0
3.1105006841411083,1.7713632570122286,2.9935596196441434,4.41,1.008564359516794,0.0,-0.1889285980751918,0.0
3.130236761807563,1.7713632570122286,2.9924861479517744,4.41,1.0436734142162878,0.0,-0.1912270428942336,0.0
3.147509191039526,1.7713632570122286,2.9915400069889326,4.41,1.073460842261593,0.0,-0.19319291558533416,0.0
3.164514593425931,1.7713632570122286,2.990602409477034,4.41,1.1019650687468014,0.0,-0.1950848488891174,0.0
3.1840794455794845,1.7713632570122286,2.9895170371584006,4.41,1.1338856912146777,0.0,-0.1972134848772743,0.0
3.2137302311131313,1.7713632570122286,2.987859045520201,4.41,1.1805823686766432,0.0,-0.20033742243694144,0.0
3.2259504773239573,1.7713632570122286,2.987171559217065,4.41,1.199299017108986,0.0,-0.20159028686411545,0.0
3.2473339245475885,1.7713632570122286,2.985963423724367,4.41,1.2313933388537674,0.0,-0.20373634005305113,0.0
3.2694407443786417,1.7713632570122286,2.984707753707947,4.41,1.263707094915032,0.0,-0.2058878557357856,0.0
3.2930753352987567,1.7713632570122286,2.983358984786026,4.41,1.2973986955700423,0.0,-0.2081159873191445,0.0
3.3330026160103827,1.7713632570122286,2.9810677051544494,4.41,1.3524301589237175,0.0,-0.21169844288069106,0.0
3.3396041069831415,1.7713632570122286,2.9806876668138633,4.41,1.3613292856572796,0.0,-0.21226960954473711,0.0
3.364274193514617,1.7713632570122286,2.979264868397286,4.41,1.3940773194928036,0.0,-0.21434346820661032,0.0
3.387614244807426,1.7713632570122286,2.9779160204457784,4.41,1.4243865365845805,0.0,-0.21621837193639787,0.0
3.414186113473794,1.7713632570122286,2.976378537818566,4.41,1.4581678440039563,0.0,-0.21824784620029347,0.0
3.4485606775564697,1.7713632570122286,2.9743890783581737,4.41,1.500797297722472,0.0,-0.22069634301856034,0.0
3.4968943818475715,1.7713632570122286,2.9715972438350478,4.41,1.5588842829047105,0.0,-0.22377617851847179,0.0
3.4983496223439206,1.7713632570122286,2.9715134104430194,4.41,1.5605984992613657,0.0,-0.22386115151518265,0.0
3.5241208592692153,1.7713632570122286,2.9700310972761836,4.41,1.590725617593547,0.0,-0.22530629847834482,0.0
3.55772918357431,1.7713632570122286,2.9681080262757966,4.41,1.629239013713726,0.0,-0.2269753547117743,0.0
3.6096915963302147,1.7713632570122286,2.9651663027550876,4.41,1.681466612823057,0.0,-0.22870370173457702,0.0
3.6138924809954154,1.7713632570122286,2.964930454882565,4.41,1.6818935212219337,0.0,-0.2286059245128308,0.0
3.643095628623824,1.7713632570122286,2.963302299726093,4.41,1.6848668603401267,0.0,-0.227819100085172,0.0
3.6692768198485,1.7713632570122286,2.9618599301956348,4.41,1.6856369690812514,0.0,-0.22685724943265442,0.0
3.69880279398365,1.7713632570122286,2.9602568868178536,4.41,1.659342830643526,0.0,-0.22411778514414477,0.0
3.7695203992146062,1.7713632570122286,2.9565423343227013,4.41,1.5925258691112423,0.0,-0.21669864106104758,0.0
3.8144665709213044,1.7713632570122286,2.954297454803525,4.41,1.5479609206056444,0.0,-0.21136002049552016,0.0
3.8150545087149044,1.7713632570122286,2.954268737529382,4.41,1.5473671349360325,0.0,-0.21128719196541176,0.0
3.8155751767380743,1.7713632570122286,2.954243305984545,4.41,1.5468412852076012,0.0,-0.2112227316890194,0.0
3.837532275624325,1.7713632570122286,2.953188334985086,4.41,1.5243866121690055,0.0,-0.20841817874205182,0.0
3.863598286441299,1.7713632570122286,2.9519756324107194,4.41,1.4971163628790538,0.0,-0.204915694331187,0.0
3.8891799806988554,1.7713632570122286,2.95083131736342,4.41,1.4696727009497155,0.0,-0.20129122016370135,0.0
3.9166685227439197,1.7713632570122286,2.9496598344099736,4.41,1.4393568172269275,0.0,-0.19716983434128568,0.0
3.938107482675957,1.7713632570122286,2.948792503325164,4.41,1.41507771692104,0.0,-0.19378434356474183,0.0
3.961691337498991,1.7713632570122286,2.9478909414572625,4.41,1.3876731837632106,0.0,-0.18987410231378182,0.0
3.9848684579854834,1.7713632570122286,2.947063319414495,4.41,1.359989413478302,0.0,-0.18583536395088934,0.0
4.007451068429225,1.7713632570122286,2.946320514541268,4.41,1.3322199624482598,0.0,-0.18169081643150883,0.0
4.030632025056882,1.7713632570122286,2.9456295322546144,4.41,1.30284299452097,0.0,-0.1772126002244742,0.0
4.053827796318885,1.7713632570122286,2.9450195530428522,4.41,1.2724784359246393,0.0,-0.17248426941685532,0.0
4.089813189954435,1.7713632570122286,2.9442609733493237,4.41,1.2232010000481532,0.0,-0.1645940574845706,0.0
4.11931678714254,1.7713632570122286,2.943838638850397,4.41,1.1805558481254395,0.0,-0.15755658456583746,0.0
4.120190857217571,1.7713632570122286,2.94382937540335,4.41,1.1792566726270772,0.0,-0.15733861077987152,0.0
4.1358240630741365,1.7713632570122286,2.94369377393332,4.41,1.1556921719961442,0.0,-0.1533667616582479,0.0
4.148292444333727,1.7713632570122286,2.9436335862238283,4.41,1.1363801411134704,0.0,-0.1500676783939923,0.0
4.165902997796985,1.7713632570122286,2.9436271106265437,4.41,1.1082650578631899,0.0,-0.14520044157803125,0.0
4.183735075507494,1.7713632570122286,2.9437284275551923,4.41,1.0786595612906007,0.0,-0.13997854834299095,0.0
4.201925047537255,1.7713632570122286,2.943955403286853,4.41,1.0471727937005813,0.0,-0.1343312568556994,0.0
4.21898065939663,1.7713632570122286,2.9443004350800734,4.41,1.0162898190829213,0.0,-0.1286883044756178,0.0
4.230445273169786,1.7713632570122286,2.944614052692583,4.41,0.9946985319285693,0.0,-0.1246812731786498,0.0
4.245102060073212,1.7713632570122286,2.9451232943840435,4.41,0.966001185135057,0.0,-0.11927730460567482,0.0
4.259122070246195,1.7713632570122286,2.9457388519619556,4.41,0.9372615137789433,0.0,-0.11377833036208837,0.0
4.272516180642488,1.7713632570122286,2.9464655399795237,4.41,0.9084232669447795,0.0,-0.10815512872998442,0.0
4.285325532886651,1.7713632570122286,2.947306259728698,4.41,0.8793976503085184,0.0,-0.10239347576705984,0.0
4.297658694172567,1.7713632570122286,2.9482723669109494,4.41,0.8499010384680332,0.0,-0.09643620650812736,0.0
4.310015457624953,1.7713632570122286,2.9494266556282804,4.41,0.8185069756462828,0.0,-0.08995782376311155,0.0
4.322969777179552,1.7713632570122286,2.9508768205468203,4.41,0.7832177989466047,0.0,-0.08251438724304085,0.0
4.333263762879819,1.7713632570122286,2.9522462389569806,4.41,0.7530151956136986,0.0,-0.07599038546945394,0.0
4.341639008842031,1.7713632570122286,2.9535341076029438,4.41,0.7266970737473524,0.0,-0.07018998129846611,0.0
4.35015381802873,1.7713632570122286,2.955039734289361,4.41,0.697942294923589,0.0,-0.0637261000849608,0.0
4.358954912930886,1.7713632570122286,2.956853441360383,4.41,0.6655496560505163,0.0,-0.05630945199117471,0.0
4.370939217035549,1.7713632570122286,2.9599080558811806,4.41,0.615153304513782,0.0,-0.044443448636101834,0.0
4.374399533152035,1.7713632570122286,2.9609532939348906,4.41,0.598775478561663,0.0,-0.04057480272530259,0.0
4.3799379220168335,1.7713632570122286,2.962844727580121,4.41,0.5699936859239008,0.0,-0.03373499683880936,0.0
4.3857191853676305,1.7713632570122286,2.965187614675505,4.41,0.5353884349735261,0.0,-0.025701281881362392,0.0
4.39081771026212,1.7713632570122286,2.967710290065294,4.41,0.4988165695331195,0.0,-0.01783113970695374,0.0
4.395533790966111,1.7713632570122286,2.9706564492208223,4.41,0.45621032212583024,0.0,-0.010388012783170558,0.0
4.399836766427795,1.7713632570122286,2.9743072290948347,4.41,0.4027150975238931,0.0,-0.0061848272488708445,0.0
4.4015539792642295,1.7713632570122286,2.9762727753138165,4.41,0.3754821845691509,0.0,-0.005769850679679528,0.0
4.403223335108604,1.7713632570122286,2.97882669132707,4.41,0.3442846269267259,0.0,-0.003961727080218802,0.0
4.404533077719751,1.7713632570122286,2.981978669114838,4.41,0.31040462659263457,0.0,5.961901966162753E-4,0.0
4.403101813121333,1.7713632570122286,2.994639458016192,4.41,0.21619024941123438,0.0,-0.03260052812938051,0.0
4.403034257326397,1.7713632570122286,2.994787627336072,4.41,0.21634789561108456,0.0,-0.03473875509893232,0.0
4.403004403625841,1.7713632570122286,2.9948531051016953,4.41,0.21642527028570818,0.0,-0.03568176624168548,0.0
4.402957412609658,1.7713632570122286,2.994956169937436,4.41,0.2165566152734966,0.0,-0.037163691530937196,0.0
4.402596951479665,1.7713632570122286,2.995682020621492,4.41,0.2186066734495109,0.0,-0.04877710058244297,0.0
4.401480249651095,1.7713632570122286,2.997705893261263,4.41,0.23482663306094304,0.0,-0.09194033825870529,0.0
4.401293033007766,1.7713632570122286,2.998009078961005,4.41,0.24255506090335205,0.0,-0.10624742339279886,0.0
4.400827708160565,1.7713632570122286,2.9987626435848433,4.41,0.2629464451148337,0.0,-0.14112373564151567,0.0
